1 29.203267 5.56279 5.437867
2 30.380399 5.577536 4.916718
3 30.380399 5.577536 4.916718
4 30.380399 5.577536 4.916718
5 30.380399 5.577536 4.916718
6 30.380399 5.577536 4.916718
7 30.380399 5.577536 4.916718
8 30.72151 5.105659 4.916718
9 30.72151 5.105659 4.916718
10 30.72151 5.105659 4.916718
11 30.72151 5.105659 4.916718
12 30.72151 5.105659 4.916718
13 30.72151 5.105659 4.916718
14 30.72151 5.105659 4.916718
15 30.72151 5.105659 4.916718
16 30.722461 5.105717 4.916718
17 30.722461 5.105717 4.916718
18 30.722461 5.105717 4.916718
19 31.351876 5.105602 4.923359
20 31.351876 5.105602 4.923359
21 31.351876 5.105602 4.923359
22 31.353557 5.105602 4.923411
23 31.353557 5.105602 4.923411
24 31.353557 5.105602 4.923411
25 31.353557 5.105602 4.923411
26 31.353557 5.105602 4.923411
27 31.353557 5.105602 4.923411
28 31.353557 5.105602 4.923411
29 31.353557 5.105602 4.923411
30 31.353557 5.105602 4.923411
31 31.353557 5.105602 4.923411
32 31.353557 5.105602 4.923411
33 31.353557 5.105602 4.923411
34 31.353557 5.105602 4.923411
35 31.353557 5.105602 4.923411
36 31.353557 5.105602 4.923411
37 31.353557 5.105602 4.923411
38 31.353557 5.105602 4.923411
39 31.353557 5.105602 4.923411
40 31.353557 5.105602 4.923411
41 31.353557 5.105602 4.923411
42 31.353557 5.105602 4.923411
43 31.353557 5.105602 4.923411
44 31.353557 5.105602 4.923411
45 31.353557 5.105602 4.923411
46 31.353557 5.105602 4.923411
47 31.353557 5.105602 4.923411
48 31.353557 5.105602 4.923411
49 31.353557 5.105602 4.923411
50 31.353557 5.105602 4.923411
51 31.353557 5.105602 4.923411
52 31.353557 5.105602 4.923411
53 31.353557 5.105602 4.923411
54 31.353557 5.105602 4.923411
55 31.353557 5.105602 4.923411
56 35.226908 9.146047 4.923411
57 35.226908 9.146047 4.923411
58 35.228593 9.145989 4.923411
59 35.501592 9.1313 4.923411
60 35.501592 9.1313 4.923411
61 35.501592 9.1313 4.923411
62 35.501592 9.1313 4.923411
63 35.501592 9.1313 4.923411
64 35.501592 9.1313 4.923411
65 35.501592 9.1313 4.923411
66 35.501592 9.1313 4.923411
67 35.501592 9.1313 4.923411
68 35.501592 9.1313 4.923411
69 35.501592 9.1313 4.923411
70 35.501592 9.1313 4.923411
71 35.521991 9.123927 4.923411
72 35.521991 9.123927 4.923411
73 35.521991 9.123927 4.923411
74 35.521991 9.123927 4.923411
75 35.521991 9.123927 4.923411
76 35.521991 9.123927 4.923411
77 35.521991 9.123927 4.923411
78 35.521991 9.123927 4.923411
79 35.522276 9.124043 4.923411
80 35.522276 9.124043 4.923411
81 35.522276 9.124043 4.923411
82 35.522276 9.124043 4.923411
83 35.522276 9.124043 4.923411
84 35.522276 9.124043 4.923411
85 35.522276 9.124043 4.923411
86 35.522276 9.124043 4.923411
87 35.522276 9.124043 4.923411
88 35.522276 9.124043 4.923411
89 35.522276 9.124043 4.923411
90 35.522276 9.124043 4.923411
91 35.522276 9.124043 4.923411
92 35.522276 9.124043 4.923411
93 35.522276 9.124043 4.923411
94 35.522276 9.124043 4.923411
95 35.522276 9.124043 4.923411
96 35.522276 9.124043 4.923411
97 35.522276 9.124043 4.923411
98 35.523856 9.124964 4.923411
99 35.523856 9.124964 4.923411
100 35.523856 9.124964 4.923411
101 35.523856 9.124964 4.923411
102 35.97567 9.138789 5.72031
103 35.97567 9.138789 5.72031
104 35.97567 9.138789 5.72031
105 35.97567 9.138789 5.72031
106 36.075487 9.131416 5.72031
107 36.075487 9.131416 5.72031
108 36.075487 9.131416 5.72031
109 36.075487 9.131416 5.72031
110 36.075487 9.131416 5.72031
111 36.075487 9.131416 5.72031
112 36.075487 9.131416 5.72031
113 36.075487 9.131416 5.72031
114 36.075487 9.131416 5.72031
115 36.075487 9.131416 5.72031
116 36.075487 9.131416 5.72031
117 36.077353 9.131185 5.72031
118 36.077353 9.131185 5.72031
119 36.077353 9.131185 5.72031
120 36.077353 9.131185 5.72031
121 36.077353 9.131185 5.72031
122 36.077353 9.131185 5.72031
123 36.077353 9.131185 5.72031
124 36.077353 9.131185 5.72031
125 36.077353 9.131185 5.72031
126 36.077353 9.131185 5.72031
127 36.077353 9.131185 5.72031
128 36.077353 9.131185 5.72031
129 36.077353 9.131185 5.72031
130 36.077353 9.131185 5.72031
131 36.077353 9.131185 5.72031
132 36.077353 9.131185 5.72031
133 36.077353 9.131185 5.72031
134 36.077353 9.131185 5.72031
135 36.077353 9.131185 5.72031
136 36.077353 9.131185 5.72031
137 36.077353 9.131185 5.72031
138 36.077802 9.131128 5.72031
139 36.077802 9.131128 5.72031
140 36.080848 9.130724 5.72031
141 36.080848 9.130724 5.72031
142 36.080848 9.130724 5.72031
143 36.080848 9.130724 5.72031
144 36.080848 9.130724 5.72031
145 36.080848 9.130724 5.72031
146 36.080848 9.130724 5.72031
147 36.080848 9.130724 5.72031
148 36.092021 9.128824 5.72031
149 36.092021 9.128824 5.72031
150 36.092534 9.128708 5.72031
151 36.092534 9.128708 5.72031
152 36.092534 9.128708 5.72031
153 36.092534 9.128708 5.72031
154 36.092534 9.128708 5.72031
155 36.092534 9.128708 5.72031
156 36.094525 9.123179 5.72031
157 36.094525 9.123179 5.72031
158 36.094525 9.123179 5.72031
159 36.094525 9.123179 5.72031
160 36.094525 9.123179 5.72031
161 36.094525 9.123179 5.72031
162 36.094525 9.123179 5.72031
163 36.094525 9.123179 5.72031
164 36.094525 9.123179 5.72031
165 36.094525 9.123179 5.72031
166 36.094525 9.123179 5.72031
167 36.094525 9.123179 5.72031
168 36.094525 9.123179 5.72031
169 36.094525 9.123179 5.72031
170 36.094525 9.123179 5.72031
171 36.094525 9.123179 5.72031
172 36.094525 9.123179 5.72031
173 36.094525 9.123179 5.72031
174 36.094525 9.123179 5.72031
175 36.094525 9.123179 5.72031
176 36.094525 9.123179 5.72031
177 36.094525 9.123179 5.72031
178 36.094525 9.123179 5.72031
179 36.094525 9.123179 5.72031
180 36.094525 9.123179 5.72031
181 36.094525 9.123179 5.72031
182 36.094525 9.123179 5.72031
183 36.094525 9.123179 5.72031
184 36.096039 9.123639 5.72031
185 36.096039 9.123639 5.72031
186 36.096039 9.123639 5.72031
187 36.096039 9.123639 5.72031
188 36.096208 9.123697 5.72031
189 36.096208 9.123697 5.72031
190 36.096208 9.123697 5.72031
191 36.096208 9.123697 5.72031
192 36.096208 9.123697 5.72031
193 36.096208 9.123697 5.72031
194 36.096208 9.123697 5.72031
195 36.096208 9.123697 5.72031
196 36.096208 9.123697 5.72031
197 36.096208 9.123697 5.72031
198 36.096208 9.123697 5.72031
199 36.096208 9.123697 5.72031
200 36.096208 9.123697 5.72031
201 36.096208 9.123697 5.72031
202 36.096208 9.123697 5.72031
203 36.096208 9.123697 5.72031
204 36.096208 9.123697 5.72031
205 36.096208 9.123697 5.72031
206 36.096208 9.123697 5.72031
207 36.096208 9.123697 5.72031
208 36.096208 9.123697 5.72031
209 36.096208 9.123697 5.72031
210 36.096208 9.123697 5.72031
211 36.096208 9.123697 5.72031
212 36.096208 9.123697 5.72031
213 36.096208 9.123697 5.72031
214 36.096208 9.123697 5.72031
215 36.096208 9.123697 5.72031
216 36.096208 9.123697 5.72031
217 36.096208 9.123697 5.72031
218 36.096208 9.123697 5.72031
219 36.096208 9.123697 5.72031
220 36.098249 9.124619 5.72031
221 36.098249 9.124619 5.72031
222 36.098249 9.124619 5.72031
223 36.098249 9.124619 5.72031
224 36.098249 9.124619 5.72031
225 36.098249 9.124619 5.72031
226 36.098417 9.124734 5.72031
227 36.098417 9.124734 5.72031
228 36.098567 9.124849 5.72031
229 36.098567 9.124849 5.72031
230 36.098567 9.124849 5.72031
231 36.098567 9.124849 5.72031
232 36.098567 9.124849 5.72031
233 36.098567 9.124849 5.72031
234 36.098567 9.124849 5.72031
235 36.098567 9.124849 5.72031
236 36.098567 9.124849 5.72031
237 36.098567 9.124849 5.72031
238 36.098567 9.124849 5.72031
239 36.098567 9.124849 5.72031
240 36.098567 9.124849 5.72031
241 36.098567 9.124849 5.72031
242 36.098567 9.124849 5.72031
243 36.098567 9.124849 5.72031
244 36.098567 9.124849 5.72031
245 36.098567 9.124849 5.72031
246 36.098567 9.124849 5.72031
247 36.098567 9.124849 5.72031
248 36.098567 9.124849 5.72031
249 36.098567 9.124849 5.72031
250 36.098567 9.124849 5.72031
251 36.098567 9.124849 5.72031
252 38.079149 11.130325 5.72031
253 38.079149 11.130325 5.72031
254 38.079149 11.130325 5.72031
255 38.079149 11.130325 5.72031
256 38.079149 11.130325 5.72031
257 38.079623 11.130268 5.72031
258 38.079623 11.130268 5.72031
259 38.079623 11.130268 5.72031
260 38.079623 11.130268 5.72031
261 38.079623 11.130268 5.72031
262 38.079623 11.130268 5.72031
263 38.079623 11.130268 5.72031
264 38.079623 11.130268 5.72031
265 38.079623 11.130268 5.72031
266 38.079623 11.130268 5.72031
267 38.079623 11.130268 5.72031
268 38.079623 11.130268 5.72031
269 38.079623 11.130268 5.72031
270 38.079623 11.130268 5.72031
271 38.083242 11.129807 5.72031
272 38.083242 11.129807 5.72031
273 38.083242 11.129807 5.72031
274 38.083242 11.129807 5.72031
275 38.083242 11.129807 5.72031
276 38.083242 11.129807 5.72031
277 38.083242 11.129807 5.72031
278 38.08936 11.128885 5.72031
279 38.08936 11.128885 5.72031
280 38.08936 11.128885 5.72031
281 38.08936 11.128885 5.72031
282 38.08936 11.128885 5.72031
283 38.08936 11.128885 5.72031
284 38.08936 11.128885 5.72031
285 38.08936 11.128885 5.72031
286 38.08936 11.128885 5.72031
287 38.08936 11.128885 5.72031
288 38.08936 11.128885 5.72031
289 38.08936 11.128885 5.72031
290 38.08936 11.128885 5.72031
291 38.08936 11.128885 5.72031
292 38.08936 11.128885 5.72031
293 38.08936 11.128885 5.72031
294 38.08936 11.128885 5.72031
295 38.08936 11.128885 5.72031
296 38.090653 11.128655 5.72031
297 38.090653 11.128655 5.72031
298 38.090653 11.128655 5.72031
299 38.090653 11.128655 5.72031
300 38.090653 11.128655 5.72031
301 38.090653 11.128655 5.72031
302 38.090653 11.128655 5.72031
303 38.090653 11.128655 5.72031
304 38.090653 11.128655 5.72031
305 38.090653 11.128655 5.72031
306 38.090653 11.128655 5.72031
307 38.090653 11.128655 5.72031
308 38.090653 11.128655 5.72031
309 38.090653 11.128655 5.72031
310 38.090653 11.128655 5.72031
311 38.090653 11.128655 5.72031
312 38.090653 11.128655 5.72031
313 38.090653 11.128655 5.72031
314 38.090653 11.128655 5.72031
315 38.090653 11.128655 5.72031
316 38.090653 11.128655 5.72031
317 38.090653 11.128655 5.72031
318 38.090653 11.128655 5.72031
319 38.090653 11.128655 5.72031
320 38.090653 11.128655 5.72031
321 38.090653 11.128655 5.72031
322 38.090653 11.128655 5.72031
323 38.090653 11.128655 5.72031
324 38.090653 11.128655 5.72031
325 38.090653 11.128655 5.72031
326 38.090653 11.128655 5.72031
327 38.090653 11.128655 5.72031
328 38.090653 11.128655 5.72031
329 38.090653 11.128655 5.72031
330 38.090653 11.128655 5.72031
331 38.090653 11.128655 5.72031
332 38.090653 11.128655 5.72031
333 38.090653 11.128655 5.72031
334 38.090653 11.128655 5.72031
335 38.090653 11.128655 5.72031
336 38.090653 11.128655 5.72031
337 38.090653 11.128655 5.72031
338 38.090653 11.128655 5.72031
339 38.090653 11.128655 5.72031
340 38.090653 11.128655 5.72031
341 38.090653 11.128655 5.72031
342 38.090653 11.128655 5.72031
343 38.090653 11.128655 5.72031
344 38.090653 11.128655 5.72031
345 38.090653 11.128655 5.72031
346 38.090653 11.128655 5.72031
347 38.090653 11.128655 5.72031
348 38.090653 11.128655 5.72031
349 38.090653 11.128655 5.72031
350 38.090653 11.128655 5.72031
351 38.090653 11.128655 5.72031
352 38.090653 11.128655 5.72031
353 38.090653 11.128655 5.72031
354 38.090653 11.128655 5.72031
355 38.090653 11.128655 5.72031
356 38.090653 11.128655 5.72031
357 38.090653 11.128655 5.72031
358 38.090653 11.128655 5.72031
359 38.090653 11.128655 5.72031
360 38.090653 11.128655 5.72031
361 38.090653 11.128655 5.72031
362 38.090653 11.128655 5.72031
363 38.090653 11.128655 5.72031
364 38.090653 11.128655 5.72031
365 38.090653 11.128655 5.72031
366 38.090653 11.128655 5.72031
367 38.090653 11.128655 5.72031
368 38.090653 11.128655 5.72031
369 38.090653 11.128655 5.72031
370 38.090653 11.128655 5.72031
371 38.090653 11.128655 5.72031
372 38.097113 11.127042 5.72031
373 38.097113 11.127042 5.72031
374 38.097662 11.126812 5.72031
375 38.097662 11.126812 5.72031
376 38.097662 11.126812 5.72031
377 38.097662 11.126812 5.72031
378 38.097662 11.126812 5.72031
379 38.097662 11.126812 5.72031
380 38.097662 11.126812 5.72031
381 38.097662 11.126812 5.72031
382 38.097662 11.126812 5.72031
383 38.097662 11.126812 5.72031
384 38.097662 11.126812 5.72031
385 38.097662 11.126812 5.72031
386 38.097662 11.126812 5.72031
387 38.097662 11.126812 5.72031
388 38.097662 11.126812 5.72031
389 38.097662 11.126812 5.72031
390 38.097662 11.126812 5.72031
391 38.097662 11.126812 5.72031
392 38.097662 11.126812 5.72031
393 38.097662 11.126812 5.72031
394 38.097662 11.126812 5.72031
395 38.097662 11.126812 5.72031
396 38.097662 11.126812 5.72031
397 38.097662 11.126812 5.72031
398 38.097662 11.126812 5.72031
399 38.097662 11.126812 5.72031
400 38.097662 11.126812 5.72031
401 38.097662 11.126812 5.72031
402 38.097662 11.126812 5.72031
403 38.097662 11.126812 5.72031
404 38.097662 11.126812 5.72031
405 38.097662 11.126812 5.72031
406 38.097662 11.126812 5.72031
407 38.097662 11.126812 5.72031
408 38.097662 11.126812 5.72031
409 38.097662 11.126812 5.72031
410 38.097662 11.126812 5.72031
411 38.097662 11.126812 5.72031
412 38.097662 11.126812 5.72031
413 38.097662 11.126812 5.72031
414 38.097662 11.126812 5.72031
415 38.097662 11.126812 5.72031
416 38.097662 11.126812 5.72031
417 38.097662 11.126812 5.72031
418 38.097662 11.126812 5.72031
419 38.097662 11.126812 5.72031
420 38.097662 11.126812 5.72031
421 38.097662 11.126812 5.72031
422 38.097662 11.126812 5.72031
423 38.097662 11.126812 5.72031
424 38.097662 11.126812 5.72031
425 38.097662 11.126812 5.72031
426 38.097662 11.126812 5.72031
427 38.097662 11.126812 5.72031
428 38.097662 11.126812 5.72031
429 38.097662 11.126812 5.72031
430 38.097662 11.126812 5.72031
431 38.097662 11.126812 5.72031
432 38.097662 11.126812 5.72031
433 38.097662 11.126812 5.72031
434 38.097662 11.126812 5.72031
435 38.097662 11.126812 5.72031
436 38.097662 11.126812 5.72031
437 38.097662 11.126812 5.72031
438 38.097662 11.126812 5.72031
439 38.097662 11.126812 5.72031
440 38.097662 11.126812 5.72031
441 38.097662 11.126812 5.72031
442 38.097662 11.126812 5.72031
443 38.097662 11.126812 5.72031
444 38.097662 11.126812 5.72031
445 38.097662 11.126812 5.72031
446 38.097662 11.126812 5.72031
447 38.097662 11.126812 5.72031
448 38.097662 11.126812 5.72031
449 38.097662 11.126812 5.72031
450 38.097662 11.126812 5.72031
451 38.097662 11.126812 5.72031
452 38.097662 11.126812 5.72031
453 38.097662 11.126812 5.72031
454 38.097662 11.126812 5.72031
455 38.097662 11.126812 5.72031
456 38.097662 11.126812 5.72031
457 38.097662 11.126812 5.72031
458 38.097662 11.126812 5.72031
459 38.097662 11.126812 5.72031
460 38.097662 11.126812 5.72031
461 38.097662 11.126812 5.72031
462 38.097662 11.126812 5.72031
463 38.097662 11.126812 5.72031
464 38.097662 11.126812 5.72031
465 38.097662 11.126812 5.72031
466 38.097662 11.126812 5.72031
467 38.097662 11.126812 5.72031
468 38.097662 11.126812 5.72031
469 38.097662 11.126812 5.72031
470 38.097662 11.126812 5.72031
471 38.097662 11.126812 5.72031
472 38.097662 11.126812 5.72031
473 38.097662 11.126812 5.72031
474 38.097662 11.126812 5.72031
475 38.097662 11.126812 5.72031
476 38.097662 11.126812 5.72031
477 38.097662 11.126812 5.72031
478 38.097662 11.126812 5.72031
479 38.097662 11.126812 5.72031
480 38.097662 11.126812 5.72031
481 38.097662 11.126812 5.72031
482 38.097662 11.126812 5.72031
483 38.097662 11.126812 5.72031
484 38.097662 11.126812 5.72031
485 38.097662 11.126812 5.72031
486 38.097662 11.126812 5.72031
487 38.097662 11.126812 5.72031
488 38.097662 11.126812 5.72031
489 38.097662 11.126812 5.72031
490 38.097662 11.126812 5.72031
491 38.097662 11.126812 5.72031
492 38.097662 11.126812 5.72031
493 38.097662 11.126812 5.72031
494 38.097662 11.126812 5.72031
495 38.097662 11.126812 5.72031
496 38.097662 11.126812 5.72031
497 38.097662 11.126812 5.72031
498 38.097662 11.126812 5.72031
499 38.097662 11.126812 5.72031
500 38.097662 11.126812 5.72031
501 38.097662 11.126812 5.72031
502 38.097662 11.126812 5.72031
503 38.097662 11.126812 5.72031
504 38.097662 11.126812 5.72031
505 38.097662 11.126812 5.72031
506 38.097662 11.126812 5.72031
507 38.097662 11.126812 5.72031
508 38.097662 11.126812 5.72031
509 38.097662 11.126812 5.72031
510 38.097662 11.126812 5.72031
511 38.097662 11.126812 5.72031
512 38.097662 11.126812 5.72031
513 38.097662 11.126812 5.72031
514 38.097662 11.126812 5.72031
515 38.097662 11.126812 5.72031
516 38.097662 11.126812 5.72031
517 38.097662 11.126812 5.72031
518 38.097662 11.126812 5.72031
519 38.097662 11.126812 5.72031
520 38.097662 11.126812 5.72031
521 38.097662 11.126812 5.72031
522 38.097662 11.126812 5.72031
523 38.097662 11.126812 5.72031
524 38.097662 11.126812 5.72031
525 38.097662 11.126812 5.72031
526 38.097662 11.126812 5.72031
527 38.097662 11.126812 5.72031
528 38.097662 11.126812 5.72031
529 38.097662 11.126812 5.72031
530 38.097662 11.126812 5.72031
531 38.097662 11.126812 5.72031
532 38.097662 11.126812 5.72031
533 38.097662 11.126812 5.72031
534 38.097662 11.126812 5.72031
535 38.097662 11.126812 5.72031
536 38.097662 11.126812 5.72031
537 38.097662 11.126812 5.72031
538 38.097662 11.126812 5.72031
539 38.097662 11.126812 5.72031
540 38.097662 11.126812 5.72031
541 38.097662 11.126812 5.72031
542 38.097662 11.126812 5.72031
543 38.097662 11.126812 5.72031
544 38.097662 11.126812 5.72031
545 38.097662 11.126812 5.72031
546 38.097662 11.126812 5.72031
547 38.097662 11.126812 5.72031
548 38.097662 11.126812 5.72031
549 38.097662 11.126812 5.72031
550 38.097662 11.126812 5.72031
551 38.097662 11.126812 5.72031
552 38.097662 11.126812 5.72031
553 38.097662 11.126812 5.72031
554 38.097662 11.126812 5.72031
555 38.097662 11.126812 5.72031
556 38.097662 11.126812 5.72031
557 38.097662 11.126812 5.72031
558 38.097662 11.126812 5.72031
559 38.097662 11.126812 5.72031
560 38.097662 11.126812 5.72031
561 38.097662 11.126812 5.72031
562 38.097662 11.126812 5.72031
563 38.097662 11.126812 5.72031
564 38.097662 11.126812 5.72031
565 38.097662 11.126812 5.72031
566 38.097662 11.126812 5.72031
567 38.097662 11.126812 5.72031
568 38.097662 11.126812 5.72031
569 38.097662 11.126812 5.72031
570 38.097662 11.126812 5.72031
571 38.097662 11.126812 5.72031
572 38.097662 11.126812 5.72031
573 38.097662 11.126812 5.72031
574 38.097662 11.126812 5.72031
575 38.097662 11.126812 5.72031
576 38.097662 11.126812 5.72031
577 38.097662 11.126812 5.72031
578 38.097662 11.126812 5.72031
579 38.097662 11.126812 5.72031
580 38.097662 11.126812 5.72031
581 38.097662 11.126812 5.72031
582 38.097662 11.126812 5.72031
583 38.097662 11.126812 5.72031
584 38.097662 11.126812 5.72031
585 38.097662 11.126812 5.72031
586 38.097662 11.126812 5.72031
587 38.097662 11.126812 5.72031
588 38.097662 11.126812 5.72031
589 38.097662 11.126812 5.72031
590 38.097662 11.126812 5.72031
591 38.097662 11.126812 5.72031
592 38.097662 11.126812 5.72031
593 38.097662 11.126812 5.72031
594 38.097662 11.126812 5.72031
595 38.097662 11.126812 5.72031
596 38.097662 11.126812 5.72031
597 38.097662 11.126812 5.72031
598 38.097662 11.126812 5.72031
599 38.097662 11.126812 5.72031
600 38.097662 11.126812 5.72031
601 38.097662 11.126812 5.72031
602 38.097662 11.126812 5.72031
603 38.097662 11.126812 5.72031
604 38.097662 11.126812 5.72031
605 38.097662 11.126812 5.72031
606 38.097662 11.126812 5.72031
607 38.097662 11.126812 5.72031
608 38.097662 11.126812 5.72031
609 38.097662 11.126812 5.72031
610 38.097662 11.126812 5.72031
611 38.097662 11.126812 5.72031
612 38.097662 11.126812 5.72031
613 38.097662 11.126812 5.72031
614 38.097662 11.126812 5.72031
615 38.097662 11.126812 5.72031
616 38.097662 11.126812 5.72031
617 38.097662 11.126812 5.72031
618 38.097662 11.126812 5.72031
619 38.097662 11.126812 5.72031
620 38.097662 11.126812 5.72031
621 38.097662 11.126812 5.72031
622 38.097662 11.126812 5.72031
623 38.097662 11.126812 5.72031
624 38.097662 11.126812 5.72031
625 38.097662 11.126812 5.72031
626 38.097662 11.126812 5.72031
627 38.097662 11.126812 5.72031
628 38.097662 11.126812 5.72031
629 38.097662 11.126812 5.72031
630 38.097662 11.126812 5.72031
631 38.097662 11.126812 5.72031
632 38.097662 11.126812 5.72031
633 38.097662 11.126812 5.72031
634 38.097662 11.126812 5.72031
635 38.097662 11.126812 5.72031
636 38.097662 11.126812 5.72031
637 38.097662 11.126812 5.72031
638 38.097662 11.126812 5.72031
639 38.097662 11.126812 5.72031
640 38.097662 11.126812 5.72031
641 38.097662 11.126812 5.72031
642 38.097662 11.126812 5.72031
643 38.097662 11.126812 5.72031
644 38.097662 11.126812 5.72031
645 38.097662 11.126812 5.72031
646 38.097662 11.126812 5.72031
647 38.097662 11.126812 5.72031
648 38.097662 11.126812 5.72031
649 38.097662 11.126812 5.72031
650 38.097662 11.126812 5.72031
651 38.097662 11.126812 5.72031
652 38.097662 11.126812 5.72031
653 38.097662 11.126812 5.72031
654 38.097662 11.126812 5.72031
655 38.097662 11.126812 5.72031
656 38.097662 11.126812 5.72031
657 38.097662 11.126812 5.72031
658 38.097662 11.126812 5.72031
659 38.097662 11.126812 5.72031
660 38.097662 11.126812 5.72031
661 38.097662 11.126812 5.72031
662 38.097662 11.126812 5.72031
663 38.097662 11.126812 5.72031
664 38.097662 11.126812 5.72031
665 38.097662 11.126812 5.72031
666 38.097662 11.126812 5.72031
667 38.097662 11.126812 5.72031
668 38.097662 11.126812 5.72031
669 38.097662 11.126812 5.72031
670 38.097662 11.126812 5.72031
671 38.097662 11.126812 5.72031
672 38.097662 11.126812 5.72031
673 38.097662 11.126812 5.72031
674 38.097662 11.126812 5.72031
675 38.097662 11.126812 5.72031
676 38.097662 11.126812 5.72031
677 38.097662 11.126812 5.72031
678 38.097662 11.126812 5.72031
679 38.097662 11.126812 5.72031
680 38.097662 11.126812 5.72031
681 38.097662 11.126812 5.72031
682 38.097662 11.126812 5.72031
683 38.097662 11.126812 5.72031
684 38.097662 11.126812 5.72031
685 38.097662 11.126812 5.72031
686 38.097662 11.126812 5.72031
687 38.097662 11.126812 5.72031
688 38.097662 11.126812 5.72031
689 38.097662 11.126812 5.72031
690 38.097662 11.126812 5.72031
691 38.097662 11.126812 5.72031
692 38.097662 11.126812 5.72031
693 38.097662 11.126812 5.72031
694 38.097662 11.126812 5.72031
695 38.097662 11.126812 5.72031
696 38.097662 11.126812 5.72031
697 38.097662 11.126812 5.72031
698 38.097662 11.126812 5.72031
699 38.097662 11.126812 5.72031
700 38.097662 11.126812 5.72031
701 38.097662 11.126812 5.72031
702 38.097662 11.126812 5.72031
703 38.097662 11.126812 5.72031
704 38.097662 11.126812 5.72031
705 38.097662 11.126812 5.72031
706 38.097662 11.126812 5.72031
707 38.097662 11.126812 5.72031
708 38.097662 11.126812 5.72031
709 38.097662 11.126812 5.72031
710 38.097662 11.126812 5.72031
711 38.097662 11.126812 5.72031
712 38.097662 11.126812 5.72031
713 38.097662 11.126812 5.72031
714 38.097662 11.126812 5.72031
715 38.097662 11.126812 5.72031
716 38.097662 11.126812 5.72031
717 38.097662 11.126812 5.72031
718 38.097662 11.126812 5.72031
719 38.097662 11.126812 5.72031
720 38.097662 11.126812 5.72031
721 38.097662 11.126812 5.72031
722 38.097662 11.126812 5.72031
723 38.097662 11.126812 5.72031
724 38.097662 11.126812 5.72031
725 38.097662 11.126812 5.72031
726 38.097662 11.126812 5.72031
727 38.097662 11.126812 5.72031
728 38.097662 11.126812 5.72031
729 38.097662 11.126812 5.72031
730 38.097662 11.126812 5.72031
731 38.097662 11.126812 5.72031
732 38.097662 11.126812 5.72031
733 38.097662 11.126812 5.72031
734 38.097662 11.126812 5.72031
735 38.097662 11.126812 5.72031
736 38.097662 11.126812 5.72031
737 38.097662 11.126812 5.72031
738 38.097662 11.126812 5.72031
739 38.097662 11.126812 5.72031
740 38.097662 11.126812 5.72031
741 38.097662 11.126812 5.72031
742 38.097662 11.126812 5.72031
743 38.097662 11.126812 5.72031
744 38.097662 11.126812 5.72031
745 38.097662 11.126812 5.72031
746 38.097662 11.126812 5.72031
747 38.097662 11.126812 5.72031
748 38.097662 11.126812 5.72031
749 38.242992 11.134185 5.723112
750 38.242992 11.134185 5.723112
751 38.242992 11.134185 5.723112
752 38.242992 11.134185 5.723112
753 38.242992 11.134185 5.723112
754 38.243492 11.135164 5.723527
755 38.311185 11.126812 5.723215
756 38.311185 11.126812 5.723215
757 38.311185 11.126812 5.723215
758 38.311185 11.126812 5.723215
759 38.311185 11.126812 5.723215
760 38.311185 11.126812 5.723215
761 38.311185 11.126812 5.723215
762 38.311185 11.126812 5.723215
763 38.311185 11.126812 5.723215
764 38.311185 11.126812 5.723215
765 38.311185 11.126812 5.723215
766 38.311185 11.126812 5.723215
767 38.311185 11.126812 5.723215
768 38.311185 11.126812 5.723215
769 38.311185 11.126812 5.723215
770 38.311185 11.126812 5.723215
771 38.311185 11.126812 5.723215
772 38.311185 11.126812 5.723215
773 38.311185 11.126812 5.723215
774 38.323815 11.126812 5.726536
775 38.323815 11.126812 5.726536
776 38.323815 11.126812 5.726536
777 38.323815 11.126812 5.726536
778 38.323815 11.126812 5.726536
779 38.323815 11.126812 5.726536
780 38.323815 11.126812 5.726536
781 38.323815 11.126812 5.726536
782 38.323815 11.126812 5.726536
783 38.323815 11.126812 5.726536
784 38.323815 11.126812 5.726536
785 38.323815 11.126812 5.726536
786 38.323815 11.126812 5.726536
787 38.323815 11.126812 5.726536
788 38.323815 11.126812 5.726536
789 38.323815 11.126812 5.726536
790 38.323815 11.126812 5.726536
791 38.323815 11.126812 5.726536
792 38.323815 11.126812 5.726536
793 38.323815 11.126812 5.726536
794 38.323815 11.126812 5.726536
795 38.323815 11.126812 5.726536
796 38.323815 11.126812 5.726536
797 38.323815 11.126812 5.726536
798 38.323815 11.126812 5.726536
799 38.323815 11.126812 5.726536
800 38.323815 11.126812 5.726536
801 38.323815 11.126812 5.726536
802 38.323815 11.126812 5.726536
803 38.323815 11.126812 5.726536
804 38.325536 11.126812 5.726484
805 38.325536 11.126812 5.726484
806 38.325536 11.126812 5.726484
807 38.325536 11.126812 5.726484
808 38.325536 11.126812 5.726484
809 38.325536 11.126812 5.726484
810 38.325536 11.126812 5.726484
811 38.325536 11.126812 5.726484
812 38.325536 11.126812 5.726484
813 38.325536 11.126812 5.726484
814 38.328667 11.126869 5.72638
815 38.33181 11.126812 5.726276
816 38.334428 11.126869 5.726173
817 38.334428 11.126869 5.726173
818 38.334428 11.126869 5.726173
819 38.334428 11.126869 5.726173
820 38.335851 11.126812 5.726121
821 38.335851 11.126812 5.726121
822 38.335851 11.126812 5.726121
823 38.335851 11.126812 5.726121
824 38.335851 11.126812 5.726121
825 38.335851 11.126812 5.726121
826 38.335851 11.126812 5.726121
827 38.335851 11.126812 5.726121
828 38.335851 11.126812 5.726121
829 38.335851 11.126812 5.726121
830 38.335851 11.126812 5.726121
831 38.335851 11.126812 5.726121
832 38.345106 11.126812 5.724461
833 38.345106 11.126812 5.724461
834 38.345106 11.126812 5.724461
835 38.345106 11.126812 5.724461
836 38.345106 11.126812 5.724461
837 38.345106 11.126812 5.724461
838 38.345106 11.126812 5.724461
839 38.345106 11.126812 5.724461
840 38.345106 11.126812 5.724461
841 38.345106 11.126812 5.724461
842 38.345106 11.126812 5.724461
843 38.345106 11.126812 5.724461
844 38.345106 11.126812 5.724461
845 38.345106 11.126812 5.724461
846 38.345106 11.126812 5.724461
847 38.345106 11.126812 5.724461
848 38.345106 11.126812 5.724461
849 38.345106 11.126812 5.724461
850 38.345106 11.126812 5.724461
851 38.345106 11.126812 5.724461
852 38.345106 11.126812 5.724461
853 38.345106 11.126812 5.724461
854 38.345106 11.126812 5.724461
855 38.345106 11.126812 5.724461
856 38.345106 11.126812 5.724461
857 38.345106 11.126812 5.724461
858 38.345106 11.126812 5.724461
859 38.345106 11.126812 5.724461
860 38.345106 11.126812 5.724461
861 38.345106 11.126812 5.724461
862 38.345106 11.126812 5.724461
863 38.345106 11.126812 5.724461
864 38.345106 11.126812 5.724461
865 38.345106 11.126812 5.724461
866 38.345106 11.126812 5.724461
867 38.345106 11.126812 5.724461
868 38.345106 11.126812 5.724461
869 38.345106 11.126812 5.724461
870 38.345106 11.126812 5.724461
871 38.348262 11.126812 5.725291
872 38.348262 11.126812 5.725291
873 38.348262 11.126812 5.725291
874 38.348262 11.126812 5.725291
875 38.348262 11.126812 5.725291
876 38.348262 11.126812 5.725291
877 38.348262 11.126812 5.725291
878 38.348719 11.126812 5.725187
879 38.348719 11.126812 5.725187
880 38.348719 11.126812 5.725187
881 38.348719 11.126812 5.725187
882 38.348719 11.126812 5.725187
883 38.348805 11.126869 5.725083
884 38.348805 11.126869 5.725083
885 38.348805 11.126869 5.725083
886 38.348805 11.126869 5.725083
887 38.348805 11.126869 5.725083
888 38.348805 11.126869 5.725083
889 38.348805 11.126869 5.725083
890 38.348805 11.126869 5.725083
891 38.348805 11.126869 5.725083
892 38.348805 11.126869 5.725083
893 38.348805 11.126869 5.725083
894 38.348805 11.126869 5.725083
895 38.348805 11.126869 5.725083
896 38.348805 11.126869 5.725083
897 38.348805 11.126869 5.725083
898 38.348805 11.126869 5.725083
899 38.348805 11.126869 5.725083
900 38.348805 11.126869 5.725083
901 38.348805 11.126869 5.725083
902 38.348805 11.126869 5.725083
903 38.348805 11.126869 5.725083
904 38.348805 11.126869 5.725083
905 38.348805 11.126869 5.725083
906 38.348805 11.126869 5.725083
907 38.348805 11.126869 5.725083
908 38.348805 11.126869 5.725083
909 38.348805 11.126869 5.725083
910 38.348805 11.126869 5.725083
911 38.348805 11.126869 5.725083
912 38.348805 11.126869 5.725083
913 38.348805 11.126869 5.725083
914 38.348805 11.126869 5.725083
915 38.348805 11.126869 5.725083
916 38.348805 11.126869 5.725083
917 38.348805 11.126869 5.725083
918 38.348805 11.126869 5.725083
919 38.348805 11.126869 5.725083
920 38.348805 11.126869 5.725083
921 38.348805 11.126869 5.725083
922 38.348805 11.126869 5.725083
923 38.348805 11.126869 5.725083
924 38.348805 11.126869 5.725083
925 38.348805 11.126869 5.725083
926 38.348805 11.126869 5.725083
927 38.348805 11.126869 5.725083
928 38.34882 11.126869 5.725031
929 38.34882 11.126869 5.725031
930 38.34882 11.126869 5.725031
931 38.34882 11.126869 5.725031
932 38.34882 11.126869 5.725031
933 38.34882 11.126869 5.725031
934 38.34882 11.126869 5.725031
935 38.34882 11.126869 5.725031
936 38.34882 11.126869 5.725031
937 38.34882 11.126869 5.725031
938 38.34882 11.126869 5.725031
939 38.34882 11.126869 5.725031
940 38.34882 11.126869 5.725031
941 38.348948 11.126812 5.725031
942 38.348948 11.126812 5.725031
943 38.348948 11.126812 5.725031
944 38.348948 11.126812 5.725031
945 38.348948 11.126812 5.725031
946 38.348948 11.126812 5.725031
947 38.348948 11.126812 5.725031
948 38.348948 11.126812 5.725031
949 38.348948 11.126812 5.725031
950 38.348948 11.126812 5.725031
951 38.348948 11.126812 5.725031
952 38.348948 11.126812 5.725031
953 38.348948 11.126812 5.725031
954 38.348948 11.126812 5.725031
955 38.348948 11.126812 5.725031
956 38.348948 11.126812 5.725031
957 38.348948 11.126812 5.725031
958 38.348948 11.126812 5.725031
959 38.348948 11.126812 5.725031
960 38.348948 11.126812 5.725031
961 38.348948 11.126812 5.725031
962 38.348948 11.126812 5.725031
963 38.348948 11.126812 5.725031
964 38.348948 11.126812 5.725031
965 38.348948 11.126812 5.725031
966 38.348948 11.126812 5.725031
967 38.348948 11.126812 5.725031
968 38.348948 11.126812 5.725031
969 38.348948 11.126812 5.725031
970 38.348948 11.126812 5.725031
971 38.348948 11.126812 5.725031
972 38.348948 11.126812 5.725031
973 38.348948 11.126812 5.725031
974 38.348948 11.126812 5.725031
975 38.348948 11.126812 5.725031
976 38.348948 11.126812 5.725031
977 38.348948 11.126812 5.725031
978 38.348948 11.126812 5.725031
979 38.348948 11.126812 5.725031
980 38.348948 11.126812 5.725031
981 38.348948 11.126812 5.725031
982 38.348948 11.126812 5.725031
983 38.348948 11.126812 5.725031
984 38.348948 11.126812 5.725031
985 38.348948 11.126812 5.725031
986 38.348948 11.126812 5.725031
987 38.348948 11.126812 5.725031
988 38.348948 11.126812 5.725031
989 38.348948 11.126812 5.725031
990 38.348948 11.126812 5.725031
991 38.348948 11.126812 5.725031
992 38.348948 11.126812 5.725031
993 38.348948 11.126812 5.725031
994 38.348948 11.126812 5.725031
995 38.348948 11.126812 5.725031
996 38.348948 11.126812 5.725031
997 38.348948 11.126812 5.725031
998 38.348948 11.126812 5.725031
999 38.348948 11.126812 5.725031
1000 38.348948 11.126812 5.725031
1001 38.348948 11.126812 5.725031
1002 38.348948 11.126812 5.725031
1003 38.348948 11.126812 5.725031
1004 38.348948 11.126812 5.725031
1005 38.348948 11.126812 5.725031
1006 38.348948 11.126812 5.725031
1007 38.348948 11.126812 5.725031
1008 38.348948 11.126812 5.725031
1009 38.348948 11.126812 5.725031
1010 38.348948 11.126812 5.725031
1011 38.348948 11.126812 5.725031
1012 38.348948 11.126812 5.725031
1013 38.348948 11.126812 5.725031
1014 38.348948 11.126812 5.725031
1015 38.348948 11.126812 5.725031
1016 38.348948 11.126812 5.725031
1017 38.348948 11.126812 5.725031
1018 38.348948 11.126812 5.725031
1019 38.348948 11.126812 5.725031
1020 38.348948 11.126812 5.725031
1021 38.348948 11.126812 5.725031
1022 38.348948 11.126812 5.725031
1023 38.348948 11.126812 5.725031
1024 38.348948 11.126812 5.725031
1025 38.348948 11.126812 5.725031
1026 38.348948 11.126812 5.725031
1027 38.348948 11.126812 5.725031
1028 38.348948 11.126812 5.725031
1029 38.348948 11.126812 5.725031
1030 38.348948 11.126812 5.725031
1031 38.348948 11.126812 5.725031
1032 38.348948 11.126812 5.725031
1033 38.348948 11.126812 5.725031
1034 38.348948 11.126812 5.725031
1035 38.348948 11.126812 5.725031
1036 38.348948 11.126812 5.725031
1037 38.348948 11.126812 5.725031
1038 38.348948 11.126812 5.725031
1039 38.348948 11.126812 5.725031
1040 38.348948 11.126812 5.725031
1041 38.348948 11.126812 5.725031
1042 38.348948 11.126812 5.725031
1043 38.348948 11.126812 5.725031
1044 38.348948 11.126812 5.725031
1045 38.348948 11.126812 5.725031
1046 38.348948 11.126812 5.725031
1047 38.348948 11.126812 5.725031
1048 38.348948 11.126812 5.725031
1049 38.348948 11.126812 5.725031
1050 38.348948 11.126812 5.725031
1051 38.348948 11.126812 5.725031
1052 38.348948 11.126812 5.725031
1053 38.348948 11.126812 5.725031
1054 38.348948 11.126812 5.725031
1055 38.348948 11.126812 5.725031
1056 38.348948 11.126812 5.725031
1057 38.348948 11.126812 5.725031
1058 38.348948 11.126812 5.725031
1059 38.348948 11.126812 5.725031
1060 38.348948 11.126812 5.725031
1061 38.348948 11.126812 5.725031
1062 38.348948 11.126812 5.725031
1063 38.348948 11.126812 5.725031
1064 38.348948 11.126812 5.725031
1065 38.348948 11.126812 5.725031
1066 38.348948 11.126812 5.725031
1067 38.348948 11.126812 5.725031
1068 38.348948 11.126812 5.725031
1069 38.348948 11.126812 5.725031
1070 38.348948 11.126812 5.725031
1071 38.348948 11.126812 5.725031
1072 38.348948 11.126812 5.725031
1073 38.348948 11.126812 5.725031
1074 38.348948 11.126812 5.725031
1075 38.348948 11.126812 5.725031
1076 38.348948 11.126812 5.725031
1077 38.348948 11.126812 5.725031
1078 38.348948 11.126812 5.725031
1079 38.348948 11.126812 5.725031
1080 38.348948 11.126812 5.725031
1081 38.348948 11.126812 5.725031
1082 38.348948 11.126812 5.725031
1083 38.348948 11.126812 5.725031
1084 38.348948 11.126812 5.725031
1085 38.348948 11.126812 5.725031
1086 38.348948 11.126812 5.725031
1087 38.348948 11.126812 5.725031
1088 38.348948 11.126812 5.725031
1089 38.348948 11.126812 5.725031
1090 38.348948 11.126812 5.725031
1091 38.348948 11.126812 5.725031
1092 38.348948 11.126812 5.725031
1093 38.348948 11.126812 5.725031
1094 38.348948 11.126812 5.725031
1095 38.348948 11.126812 5.725031
1096 38.348948 11.126812 5.725031
1097 38.348948 11.126812 5.725031
1098 38.348948 11.126812 5.725031
1099 38.348948 11.126812 5.725031
1100 38.348948 11.126812 5.725031
1101 38.348948 11.126812 5.725031
1102 38.348948 11.126812 5.725031
1103 38.348948 11.126812 5.725031
1104 38.348948 11.126812 5.725031
1105 38.348948 11.126812 5.725031
1106 38.348948 11.126812 5.725031
1107 38.348948 11.126812 5.725031
1108 38.348948 11.126812 5.725031
1109 38.348948 11.126812 5.725031
1110 38.348948 11.126812 5.725031
1111 38.348948 11.126812 5.725031
1112 38.348948 11.126812 5.725031
1113 38.348948 11.126812 5.725031
1114 38.348948 11.126812 5.725031
1115 38.348948 11.126812 5.725031
1116 38.348948 11.126812 5.725031
1117 38.348948 11.126812 5.725031
1118 38.348948 11.126812 5.725031
1119 38.348948 11.126812 5.725031
1120 38.348948 11.126812 5.725031
1121 38.348948 11.126812 5.725031
1122 38.348948 11.126812 5.725031
1123 38.348948 11.126812 5.725031
1124 38.348948 11.126812 5.725031
1125 38.348948 11.126812 5.725031
1126 38.348948 11.126812 5.725031
1127 38.348948 11.126812 5.725031
1128 38.348948 11.126812 5.725031
1129 38.348948 11.126812 5.725031
1130 38.348948 11.126812 5.725031
1131 38.348948 11.126812 5.725031
1132 38.348948 11.126812 5.725031
1133 38.348948 11.126812 5.725031
1134 38.348948 11.126812 5.725031
1135 38.348948 11.126812 5.725031
1136 38.348948 11.126812 5.725031
1137 38.348948 11.126812 5.725031
1138 38.348948 11.126812 5.725031
1139 38.348948 11.126812 5.725031
1140 38.348948 11.126812 5.725031
1141 38.348948 11.126812 5.725031
1142 38.348948 11.126812 5.725031
1143 38.348948 11.126812 5.725031
1144 38.348948 11.126812 5.725031
1145 38.348948 11.126812 5.725031
1146 38.348948 11.126812 5.725031
1147 38.348948 11.126812 5.725031
1148 38.348948 11.126812 5.725031
1149 38.348948 11.126812 5.725031
1150 38.348948 11.126812 5.725031
1151 38.348948 11.126812 5.725031
1152 38.348948 11.126812 5.725031
1153 38.348948 11.126812 5.725031
1154 38.348948 11.126812 5.725031
1155 38.348948 11.126812 5.725031
1156 38.348948 11.126812 5.725031
1157 38.348948 11.126812 5.725031
1158 38.348948 11.126812 5.725031
1159 38.348948 11.126812 5.725031
1160 38.348948 11.126812 5.725031
1161 38.348948 11.126812 5.725031
1162 38.348948 11.126812 5.725031
1163 38.348948 11.126812 5.725031
1164 38.348948 11.126812 5.725031
1165 38.348948 11.126812 5.725031
1166 38.348948 11.126812 5.725031
1167 38.348948 11.126812 5.725031
1168 38.348948 11.126812 5.725031
1169 38.348948 11.126812 5.725031
1170 38.348948 11.126812 5.725031
1171 38.348948 11.126812 5.725031
1172 38.348948 11.126812 5.725031
1173 38.348948 11.126812 5.725031
1174 38.348948 11.126812 5.725031
1175 38.348948 11.126812 5.725031
1176 38.348948 11.126812 5.725031
1177 38.348948 11.126812 5.725031
1178 38.348948 11.126812 5.725031
1179 38.348948 11.126812 5.725031
1180 38.348948 11.126812 5.725031
1181 38.348948 11.126812 5.725031
1182 38.348948 11.126812 5.725031
1183 38.348948 11.126812 5.725031
1184 38.348948 11.126812 5.725031
1185 38.348948 11.126812 5.725031
1186 38.348948 11.126812 5.725031
1187 38.348948 11.126812 5.725031
1188 38.348948 11.126812 5.725031
1189 38.348948 11.126812 5.725031
1190 38.348948 11.126812 5.725031
1191 38.348948 11.126812 5.725031
1192 38.348948 11.126812 5.725031
1193 38.348948 11.126812 5.725031
1194 38.348948 11.126812 5.725031
1195 38.348948 11.126812 5.725031
1196 38.348948 11.126812 5.725031
1197 38.348948 11.126812 5.725031
1198 38.348948 11.126812 5.725031
1199 38.348948 11.126812 5.725031
1200 38.348948 11.126812 5.725031
1201 38.348948 11.126812 5.725031
1202 38.348948 11.126812 5.725031
1203 38.348948 11.126812 5.725031
1204 38.348948 11.126812 5.725031
1205 38.348948 11.126812 5.725031
1206 38.348948 11.126812 5.725031
1207 38.348948 11.126812 5.725031
1208 38.348948 11.126812 5.725031
1209 38.348948 11.126812 5.725031
1210 38.348948 11.126812 5.725031
1211 38.348948 11.126812 5.725031
1212 38.348948 11.126812 5.725031
1213 38.348948 11.126812 5.725031
1214 38.348948 11.126812 5.725031
1215 38.348948 11.126812 5.725031
1216 38.348948 11.126812 5.725031
1217 38.348948 11.126812 5.725031
1218 38.348948 11.126812 5.725031
1219 38.348948 11.126812 5.725031
1220 38.348948 11.126812 5.725031
1221 38.348948 11.126812 5.725031
1222 38.348948 11.126812 5.725031
1223 38.348948 11.126812 5.725031
1224 38.348948 11.126812 5.725031
1225 38.348948 11.126812 5.725031
1226 38.348948 11.126812 5.725031
1227 38.348948 11.126812 5.725031
1228 38.348948 11.126812 5.725031
1229 38.348948 11.126812 5.725031
1230 38.348948 11.126812 5.725031
1231 38.348948 11.126812 5.725031
1232 38.348948 11.126812 5.725031
1233 38.348948 11.126812 5.725031
1234 38.348948 11.126812 5.725031
1235 38.348948 11.126812 5.725031
1236 38.348948 11.126812 5.725031
1237 38.348948 11.126812 5.725031
1238 38.348948 11.126812 5.725031
1239 38.348948 11.126812 5.725031
1240 38.348948 11.126812 5.725031
1241 38.348948 11.126812 5.725031
1242 38.348948 11.126812 5.725031
1243 38.348948 11.126812 5.725031
1244 38.348948 11.126812 5.725031
1245 38.348948 11.126812 5.725031
1246 38.348948 11.126812 5.725031
1247 38.348948 11.126812 5.725031
1248 38.348948 11.126812 5.725031
1249 38.348948 11.126812 5.725031
1250 38.348948 11.126812 5.725031
1251 38.348948 11.126812 5.725031
1252 38.348948 11.126812 5.725031
1253 38.348948 11.126812 5.725031
1254 38.348948 11.126812 5.725031
1255 38.348948 11.126812 5.725031
1256 38.348948 11.126812 5.725031
1257 38.348948 11.126812 5.725031
1258 38.348948 11.126812 5.725031
1259 38.348948 11.126812 5.725031
1260 38.348948 11.126812 5.725031
1261 38.348948 11.126812 5.725031
1262 38.348948 11.126812 5.725031
1263 38.348948 11.126812 5.725031
1264 38.348948 11.126812 5.725031
1265 38.348948 11.126812 5.725031
1266 38.348948 11.126812 5.725031
1267 38.348948 11.126812 5.725031
1268 38.348948 11.126812 5.725031
1269 38.348948 11.126812 5.725031
1270 38.348948 11.126812 5.725031
1271 38.348948 11.126812 5.725031
1272 38.348948 11.126812 5.725031
1273 38.348948 11.126812 5.725031
1274 38.348948 11.126812 5.725031
1275 38.348948 11.126812 5.725031
1276 38.348948 11.126812 5.725031
1277 38.348948 11.126812 5.725031
1278 38.348948 11.126812 5.725031
1279 38.348948 11.126812 5.725031
1280 38.348948 11.126812 5.725031
1281 38.348948 11.126812 5.725031
1282 38.348948 11.126812 5.725031
1283 38.348948 11.126812 5.725031
1284 38.348948 11.126812 5.725031
1285 38.348948 11.126812 5.725031
1286 38.348948 11.126812 5.725031
1287 38.348948 11.126812 5.725031
1288 38.348948 11.126812 5.725031
1289 38.348948 11.126812 5.725031
1290 38.348948 11.126812 5.725031
1291 38.348948 11.126812 5.725031
1292 38.348948 11.126812 5.725031
1293 38.348948 11.126812 5.725031
1294 38.348948 11.126812 5.725031
1295 38.348948 11.126812 5.725031
1296 38.348948 11.126812 5.725031
1297 38.348948 11.126812 5.725031
1298 38.348948 11.126812 5.725031
1299 38.348948 11.126812 5.725031
1300 38.348948 11.126812 5.725031
1301 38.348948 11.126812 5.725031
1302 38.348948 11.126812 5.725031
1303 38.348948 11.126812 5.725031
1304 38.348948 11.126812 5.725031
1305 38.348948 11.126812 5.725031
1306 38.348948 11.126812 5.725031
1307 38.348948 11.126812 5.725031
1308 38.348948 11.126812 5.725031
1309 38.348948 11.126812 5.725031
1310 38.348948 11.126812 5.725031
1311 38.348948 11.126812 5.725031
1312 38.348948 11.126812 5.725031
1313 38.348948 11.126812 5.725031
1314 38.348948 11.126812 5.725031
1315 38.348948 11.126812 5.725031
1316 38.348948 11.126812 5.725031
1317 38.348948 11.126812 5.725031
1318 38.348948 11.126812 5.725031
1319 38.348948 11.126812 5.725031
1320 38.348948 11.126812 5.725031
1321 38.348948 11.126812 5.725031
1322 38.348948 11.126812 5.725031
1323 38.348948 11.126812 5.725031
1324 38.348948 11.126812 5.725031
1325 38.348948 11.126812 5.725031
1326 38.348948 11.126812 5.725031
1327 38.348948 11.126812 5.725031
1328 38.348948 11.126812 5.725031
1329 38.348948 11.126812 5.725031
1330 38.348948 11.126812 5.725031
1331 38.348948 11.126812 5.725031
1332 38.348948 11.126812 5.725031
1333 38.348948 11.126812 5.725031
1334 38.348948 11.126812 5.725031
1335 38.348948 11.126812 5.725031
1336 38.348948 11.126812 5.725031
1337 38.348948 11.126812 5.725031
1338 38.348948 11.126812 5.725031
1339 38.348948 11.126812 5.725031
1340 38.348948 11.126812 5.725031
1341 38.348948 11.126812 5.725031
1342 38.348948 11.126812 5.725031
1343 38.348948 11.126812 5.725031
1344 38.348948 11.126812 5.725031
1345 38.348948 11.126812 5.725031
1346 38.348948 11.126812 5.725031
1347 38.348948 11.126812 5.725031
1348 38.348948 11.126812 5.725031
1349 38.348948 11.126812 5.725031
1350 38.348948 11.126812 5.725031
1351 38.348948 11.126812 5.725031
1352 38.348948 11.126812 5.725031
1353 38.348948 11.126812 5.725031
1354 38.348948 11.126812 5.725031
1355 38.348948 11.126812 5.725031
1356 38.348948 11.126812 5.725031
1357 38.348948 11.126812 5.725031
1358 38.348948 11.126812 5.725031
1359 38.348948 11.126812 5.725031
1360 38.348948 11.126812 5.725031
1361 38.348948 11.126812 5.725031
1362 38.348948 11.126812 5.725031
1363 38.348948 11.126812 5.725031
1364 38.348948 11.126812 5.725031
1365 38.348948 11.126812 5.725031
1366 38.348948 11.126812 5.725031
1367 38.348948 11.126812 5.725031
1368 38.348948 11.126812 5.725031
1369 38.348948 11.126812 5.725031
1370 38.348948 11.126812 5.725031
1371 38.348948 11.126812 5.725031
1372 38.348948 11.126812 5.725031
1373 38.348948 11.126812 5.725031
1374 38.348948 11.126812 5.725031
1375 38.348948 11.126812 5.725031
1376 38.348948 11.126812 5.725031
1377 38.348948 11.126812 5.725031
1378 38.348948 11.126812 5.725031
1379 38.348948 11.126812 5.725031
1380 38.348948 11.126812 5.725031
1381 38.348948 11.126812 5.725031
1382 38.348948 11.126812 5.725031
1383 38.348948 11.126812 5.725031
1384 38.348948 11.126812 5.725031
1385 38.348948 11.126812 5.725031
1386 38.348948 11.126812 5.725031
1387 38.348948 11.126812 5.725031
1388 38.348948 11.126812 5.725031
1389 38.348948 11.126812 5.725031
1390 38.348948 11.126812 5.725031
1391 38.348948 11.126812 5.725031
1392 38.348948 11.126812 5.725031
1393 38.348948 11.126812 5.725031
1394 38.348948 11.126812 5.725031
1395 38.348948 11.126812 5.725031
1396 38.348948 11.126812 5.725031
1397 38.348948 11.126812 5.725031
1398 38.348948 11.126812 5.725031
1399 38.348948 11.126812 5.725031
1400 38.348948 11.126812 5.725031
1401 38.348948 11.126812 5.725031
1402 38.348948 11.126812 5.725031
1403 38.348948 11.126812 5.725031
1404 38.348948 11.126812 5.725031
1405 38.348948 11.126812 5.725031
1406 38.348948 11.126812 5.725031
1407 38.348948 11.126812 5.725031
1408 38.348948 11.126812 5.725031
1409 38.348948 11.126812 5.725031
1410 38.348948 11.126812 5.725031
1411 38.348948 11.126812 5.725031
1412 38.348948 11.126812 5.725031
1413 38.348948 11.126812 5.725031
1414 38.348948 11.126812 5.725031
1415 38.348948 11.126812 5.725031
1416 38.348948 11.126812 5.725031
1417 38.348948 11.126812 5.725031
1418 38.348948 11.126812 5.725031
1419 38.348948 11.126812 5.725031
1420 38.348948 11.126812 5.725031
1421 38.348948 11.126812 5.725031
1422 38.348948 11.126812 5.725031
1423 38.348948 11.126812 5.725031
1424 38.348948 11.126812 5.725031
1425 38.348948 11.126812 5.725031
1426 38.348948 11.126812 5.725031
1427 38.348948 11.126812 5.725031
1428 38.348948 11.126812 5.725031
1429 38.348948 11.126812 5.725031
1430 38.348948 11.126812 5.725031
1431 38.348948 11.126812 5.725031
1432 38.348948 11.126812 5.725031
1433 38.348948 11.126812 5.725031
1434 38.348948 11.126812 5.725031
1435 38.348948 11.126812 5.725031
1436 38.348948 11.126812 5.725031
1437 38.348948 11.126812 5.725031
1438 38.348948 11.126812 5.725031
1439 38.348948 11.126812 5.725031
1440 38.348948 11.126812 5.725031
1441 38.348948 11.126812 5.725031
1442 38.348948 11.126812 5.725031
1443 38.348948 11.126812 5.725031
1444 38.348948 11.126812 5.725031
1445 38.348948 11.126812 5.725031
1446 38.348948 11.126812 5.725031
1447 38.348948 11.126812 5.725031
1448 38.348948 11.126812 5.725031
1449 38.348948 11.126812 5.725031
1450 38.348948 11.126812 5.725031
1451 38.348948 11.126812 5.725031
1452 38.348948 11.126812 5.725031
1453 38.348948 11.126812 5.725031
1454 38.348948 11.126812 5.725031
1455 38.348948 11.126812 5.725031
1456 38.348948 11.126812 5.725031
1457 38.348948 11.126812 5.725031
1458 38.348948 11.126812 5.725031
1459 38.348948 11.126812 5.725031
1460 38.348948 11.126812 5.725031
1461 38.348948 11.126812 5.725031
1462 38.348948 11.126812 5.725031
1463 38.348948 11.126812 5.725031
1464 38.348948 11.126812 5.725031
1465 38.348948 11.126812 5.725031
1466 38.348948 11.126812 5.725031
1467 38.348948 11.126812 5.725031
1468 38.348948 11.126812 5.725031
1469 38.348948 11.126812 5.725031
1470 38.348948 11.126812 5.725031
1471 38.348948 11.126812 5.725031
1472 38.348948 11.126812 5.725031
1473 38.348948 11.126812 5.725031
1474 38.348948 11.126812 5.725031
1475 38.348948 11.126812 5.725031
1476 38.348948 11.126812 5.725031
1477 38.348948 11.126812 5.725031
1478 38.348948 11.126812 5.725031
1479 38.348948 11.126812 5.725031
1480 38.348948 11.126812 5.725031
1481 38.348948 11.126812 5.725031
1482 38.348948 11.126812 5.725031
1483 38.348948 11.126812 5.725031
1484 38.348948 11.126812 5.725031
1485 38.348948 11.126812 5.725031
1486 38.348948 11.126812 5.725031
1487 38.348948 11.126812 5.725031
1488 38.348948 11.126812 5.725031
1489 38.348948 11.126812 5.725031
1490 38.348948 11.126812 5.725031
1491 38.348948 11.126812 5.725031
1492 38.348948 11.126812 5.725031
1493 38.348948 11.126812 5.725031
1494 38.348948 11.126812 5.725031
1495 38.348948 11.126812 5.725031
1496 38.348948 11.126812 5.725031
1497 38.348948 11.126812 5.725031
1498 38.348948 11.126812 5.725031
1499 38.348948 11.126812 5.725031
1500 38.348948 11.126812 5.725031
1501 38.348948 11.126812 5.725031
1502 38.348948 11.126812 5.725031
1503 38.348948 11.126812 5.725031
1504 38.348948 11.126812 5.725031
1505 38.348948 11.126812 5.725031
1506 38.348948 11.126812 5.725031
1507 38.348948 11.126812 5.725031
1508 38.348948 11.126812 5.725031
1509 38.348948 11.126812 5.725031
1510 38.348948 11.126812 5.725031
1511 38.348948 11.126812 5.725031
1512 38.348948 11.126812 5.725031
1513 38.348948 11.126812 5.725031
1514 38.348948 11.126812 5.725031
1515 38.348948 11.126812 5.725031
1516 38.348948 11.126812 5.725031
1517 38.348948 11.126812 5.725031
1518 38.348948 11.126812 5.725031
1519 38.348948 11.126812 5.725031
1520 38.348948 11.126812 5.725031
1521 38.348948 11.126812 5.725031
1522 38.348948 11.126812 5.725031
1523 38.348948 11.126812 5.725031
1524 38.348948 11.126812 5.725031
1525 38.348948 11.126812 5.725031
1526 38.348948 11.126812 5.725031
1527 38.348948 11.126812 5.725031
1528 38.348948 11.126812 5.725031
1529 38.348948 11.126812 5.725031
1530 38.348948 11.126812 5.725031
1531 38.348948 11.126812 5.725031
1532 38.348948 11.126812 5.725031
1533 38.348948 11.126812 5.725031
1534 38.348948 11.126812 5.725031
1535 38.348948 11.126812 5.725031
1536 38.348948 11.126812 5.725031
1537 38.348948 11.126812 5.725031
1538 38.348948 11.126812 5.725031
1539 38.348948 11.126812 5.725031
1540 38.348948 11.126812 5.725031
1541 38.348948 11.126812 5.725031
1542 38.348948 11.126812 5.725031
1543 38.348948 11.126812 5.725031
1544 38.348948 11.126812 5.725031
1545 38.348948 11.126812 5.725031
1546 38.348948 11.126812 5.725031
1547 38.348948 11.126812 5.725031
1548 38.348948 11.126812 5.725031
1549 38.348948 11.126812 5.725031
1550 38.348948 11.126812 5.725031
1551 38.348948 11.126812 5.725031
1552 38.348948 11.126812 5.725031
1553 38.348948 11.126812 5.725031
1554 38.348948 11.126812 5.725031
1555 38.348948 11.126812 5.725031
1556 38.348948 11.126812 5.725031
1557 38.348948 11.126812 5.725031
1558 38.348948 11.126812 5.725031
1559 38.348948 11.126812 5.725031
1560 38.348948 11.126812 5.725031
1561 38.348948 11.126812 5.725031
1562 38.348948 11.126812 5.725031
1563 38.348948 11.126812 5.725031
1564 38.348948 11.126812 5.725031
1565 38.348948 11.126812 5.725031
1566 38.348948 11.126812 5.725031
1567 38.348948 11.126812 5.725031
1568 38.348948 11.126812 5.725031
1569 38.348948 11.126812 5.725031
1570 38.348948 11.126812 5.725031
1571 38.348948 11.126812 5.725031
1572 38.348948 11.126812 5.725031
1573 38.348948 11.126812 5.725031
1574 38.348948 11.126812 5.725031
1575 38.348948 11.126812 5.725031
1576 38.348948 11.126812 5.725031
1577 38.348948 11.126812 5.725031
1578 38.348948 11.126812 5.725031
1579 38.348948 11.126812 5.725031
1580 38.348948 11.126812 5.725031
1581 38.348948 11.126812 5.725031
1582 38.348948 11.126812 5.725031
1583 38.348948 11.126812 5.725031
1584 38.348948 11.126812 5.725031
1585 38.348948 11.126812 5.725031
1586 38.348948 11.126812 5.725031
1587 38.348948 11.126812 5.725031
1588 38.348948 11.126812 5.725031
1589 38.348948 11.126812 5.725031
1590 38.348948 11.126812 5.725031
1591 38.348948 11.126812 5.725031
1592 38.348948 11.126812 5.725031
1593 38.348948 11.126812 5.725031
1594 38.348948 11.126812 5.725031
1595 38.348948 11.126812 5.725031
1596 38.348948 11.126812 5.725031
1597 38.348948 11.126812 5.725031
1598 38.348948 11.126812 5.725031
1599 38.348948 11.126812 5.725031
1600 38.348948 11.126812 5.725031
1601 38.348948 11.126812 5.725031
1602 38.348948 11.126812 5.725031
1603 38.348948 11.126812 5.725031
1604 38.348948 11.126812 5.725031
1605 38.348948 11.126812 5.725031
1606 38.348948 11.126812 5.725031
1607 38.348948 11.126812 5.725031
1608 38.348948 11.126812 5.725031
1609 38.348948 11.126812 5.725031
1610 38.348948 11.126812 5.725031
1611 38.348948 11.126812 5.725031
1612 38.348948 11.126812 5.725031
1613 38.348948 11.126812 5.725031
1614 38.348948 11.126812 5.725031
1615 38.348948 11.126812 5.725031
1616 38.348948 11.126812 5.725031
1617 38.348948 11.126812 5.725031
1618 38.348948 11.126812 5.725031
1619 38.348948 11.126812 5.725031
1620 38.348948 11.126812 5.725031
1621 38.348948 11.126812 5.725031
1622 38.348948 11.126812 5.725031
1623 38.348948 11.126812 5.725031
1624 38.348948 11.126812 5.725031
1625 38.348948 11.126812 5.725031
1626 38.348948 11.126812 5.725031
1627 38.348948 11.126812 5.725031
1628 38.348948 11.126812 5.725031
1629 38.348948 11.126812 5.725031
1630 38.348948 11.126812 5.725031
1631 38.348948 11.126812 5.725031
1632 38.348948 11.126812 5.725031
1633 38.348948 11.126812 5.725031
1634 38.348948 11.126812 5.725031
1635 38.348948 11.126812 5.725031
1636 38.348948 11.126812 5.725031
1637 38.348948 11.126812 5.725031
1638 38.348948 11.126812 5.725031
1639 38.348948 11.126812 5.725031
1640 38.348948 11.126812 5.725031
1641 38.348948 11.126812 5.725031
1642 38.348948 11.126812 5.725031
1643 38.348948 11.126812 5.725031
1644 38.348948 11.126812 5.725031
1645 38.348948 11.126812 5.725031
1646 38.348948 11.126812 5.725031
1647 38.348948 11.126812 5.725031
1648 38.348948 11.126812 5.725031
1649 38.348948 11.126812 5.725031
1650 38.348948 11.126812 5.725031
1651 38.348948 11.126812 5.725031
1652 38.348948 11.126812 5.725031
1653 38.348948 11.126812 5.725031
1654 38.348948 11.126812 5.725031
1655 38.348948 11.126812 5.725031
1656 38.348948 11.126812 5.725031
1657 38.348948 11.126812 5.725031
1658 38.348948 11.126812 5.725031
1659 38.348948 11.126812 5.725031
1660 38.348948 11.126812 5.725031
1661 38.348948 11.126812 5.725031
1662 38.348948 11.126812 5.725031
1663 38.348948 11.126812 5.725031
1664 38.348948 11.126812 5.725031
1665 38.348948 11.126812 5.725031
1666 38.348948 11.126812 5.725031
1667 38.348948 11.126812 5.725031
1668 38.348948 11.126812 5.725031
1669 38.348948 11.126812 5.725031
1670 38.348948 11.126812 5.725031
1671 38.348948 11.126812 5.725031
1672 38.348948 11.126812 5.725031
1673 38.348948 11.126812 5.725031
1674 38.348948 11.126812 5.725031
1675 38.348948 11.126812 5.725031
1676 38.348948 11.126812 5.725031
1677 38.348948 11.126812 5.725031
1678 38.348948 11.126812 5.725031
1679 38.348948 11.126812 5.725031
1680 38.348948 11.126812 5.725031
1681 38.348948 11.126812 5.725031
1682 38.348948 11.126812 5.725031
1683 38.348948 11.126812 5.725031
1684 38.348948 11.126812 5.725031
1685 38.348948 11.126812 5.725031
1686 38.348948 11.126812 5.725031
1687 38.348948 11.126812 5.725031
1688 38.348948 11.126812 5.725031
1689 38.348948 11.126812 5.725031
1690 38.348948 11.126812 5.725031
1691 38.348948 11.126812 5.725031
1692 38.348948 11.126812 5.725031
1693 38.348948 11.126812 5.725031
1694 38.348948 11.126812 5.725031
1695 38.348948 11.126812 5.725031
1696 38.348948 11.126812 5.725031
1697 38.348948 11.126812 5.725031
1698 38.348948 11.126812 5.725031
1699 38.348948 11.126812 5.725031
1700 38.348948 11.126812 5.725031
1701 38.348948 11.126812 5.725031
1702 38.348948 11.126812 5.725031
1703 38.348948 11.126812 5.725031
1704 38.348948 11.126812 5.725031
1705 38.348948 11.126812 5.725031
1706 38.348948 11.126812 5.725031
1707 38.348948 11.126812 5.725031
1708 38.348948 11.126812 5.725031
1709 38.348948 11.126812 5.725031
1710 38.348948 11.126812 5.725031
1711 38.348948 11.126812 5.725031
1712 38.348948 11.126812 5.725031
1713 38.348948 11.126812 5.725031
1714 38.348948 11.126812 5.725031
1715 38.348948 11.126812 5.725031
1716 38.348948 11.126812 5.725031
1717 38.348948 11.126812 5.725031
1718 38.348948 11.126812 5.725031
1719 38.348948 11.126812 5.725031
1720 38.535781 11.606983 5.725031
1721 38.535781 11.606983 5.725031
1722 38.535781 11.606983 5.725031
1723 38.535781 11.606983 5.725031
1724 38.535781 11.606983 5.725031
1725 38.535781 11.606983 5.725031
1726 38.539646 11.607098 5.725031
1727 38.551135 11.607444 5.725031
1728 38.551135 11.607444 5.725031
1729 38.551135 11.607444 5.725031
1730 38.551135 11.607444 5.725031
1731 38.551135 11.607444 5.725031
1732 38.551135 11.607444 5.725031
1733 38.551135 11.607444 5.725031
1734 38.551135 11.607444 5.725031
1735 38.839965 11.62219 5.725031
1736 38.839965 11.62219 5.725031
1737 38.839965 11.62219 5.725031
1738 38.839965 11.62219 5.725031
1739 38.839965 11.62219 5.725031
1740 38.839965 11.62219 5.725031
1741 38.839965 11.62219 5.725031
1742 38.839965 11.62219 5.725031
1743 38.848195 11.624033 5.725031
1744 38.848195 11.624033 5.725031
1745 38.848195 11.624033 5.725031
1746 38.848195 11.624033 5.725031
1747 38.848787 11.624264 5.725031
1748 38.848787 11.624264 5.725031
1749 38.848787 11.624264 5.725031
1750 38.848787 11.624264 5.725031
1751 38.848787 11.624264 5.725031
1752 38.848787 11.624264 5.725031
1753 38.848787 11.624264 5.725031
1754 38.848787 11.624264 5.725031
1755 38.848787 11.624264 5.725031
1756 38.848787 11.624264 5.725031
1757 38.848787 11.624264 5.725031
1758 38.848787 11.624264 5.725031
1759 38.848787 11.624264 5.725031
1760 38.848787 11.624264 5.725031
1761 38.848787 11.624264 5.725031
1762 38.848787 11.624264 5.725031
1763 38.848787 11.624264 5.725031
1764 38.849045 11.624379 5.725031
1765 38.849045 11.624379 5.725031
1766 38.849045 11.624379 5.725031
1767 38.849151 11.624437 5.725083
1768 38.849151 11.624437 5.725083
1769 38.849151 11.624437 5.725083
1770 38.849151 11.624437 5.725083
1771 38.849151 11.624437 5.725083
1772 38.849151 11.624437 5.725083
1773 38.849151 11.624437 5.725083
1774 38.849151 11.624437 5.725083
1775 38.849151 11.624437 5.725083
1776 38.849151 11.624437 5.725083
1777 38.849151 11.624437 5.725083
1778 38.849166 11.624437 5.725031
1779 38.849166 11.624437 5.725031
1780 38.849166 11.624437 5.725031
1781 38.849166 11.624437 5.725031
1782 38.849166 11.624437 5.725031
1783 38.849166 11.624437 5.725031
1784 38.849166 11.624437 5.725031
1785 38.849166 11.624437 5.725031
1786 38.849166 11.624437 5.725031
1787 38.849166 11.624437 5.725031
1788 38.849166 11.624437 5.725031
1789 38.849166 11.624437 5.725031
1790 38.849166 11.624437 5.725031
1791 38.849166 11.624437 5.725031
1792 38.849166 11.624437 5.725031
1793 38.849166 11.624437 5.725031
1794 38.849166 11.624437 5.725031
1795 38.849166 11.624437 5.725031
1796 38.849166 11.624437 5.725031
1797 38.849166 11.624437 5.725031
1798 38.849166 11.624437 5.725031
1799 38.849166 11.624437 5.725031
1800 38.849166 11.624437 5.725031
1801 38.849166 11.624437 5.725031
1802 38.849166 11.624437 5.725031
1803 38.849166 11.624437 5.725031
1804 38.849166 11.624437 5.725031
1805 38.849166 11.624437 5.725031
1806 38.849166 11.624437 5.725031
1807 38.849166 11.624437 5.725031
1808 38.849166 11.624437 5.725031
1809 38.849166 11.624437 5.725031
1810 38.849166 11.624437 5.725031
1811 38.849166 11.624437 5.725031
1812 38.849166 11.624437 5.725031
1813 38.849166 11.624437 5.725031
1814 38.849166 11.624437 5.725031
1815 38.849166 11.624437 5.725031
1816 38.849166 11.624437 5.725031
1817 38.849166 11.624437 5.725031
1818 38.849166 11.624437 5.725031
1819 38.849166 11.624437 5.725031
1820 38.849166 11.624437 5.725031
1821 38.849166 11.624437 5.725031
1822 38.849166 11.624437 5.725031
1823 38.849166 11.624437 5.725031
1824 38.849166 11.624437 5.725031
1825 38.849166 11.624437 5.725031
1826 38.849166 11.624437 5.725031
1827 38.849166 11.624437 5.725031
1828 38.849166 11.624437 5.725031
1829 38.849166 11.624437 5.725031
1830 38.849166 11.624437 5.725031
1831 38.849166 11.624437 5.725031
1832 38.849166 11.624437 5.725031
1833 38.849166 11.624437 5.725031
1834 38.849166 11.624437 5.725031
1835 38.849166 11.624437 5.725031
1836 38.849166 11.624437 5.725031
1837 38.849166 11.624437 5.725031
1838 38.849166 11.624437 5.725031
1839 38.849166 11.624437 5.725031
1840 38.849166 11.624437 5.725031
1841 38.849166 11.624437 5.725031
1842 38.849166 11.624437 5.725031
1843 38.849166 11.624437 5.725031
1844 38.849166 11.624437 5.725031
1845 38.849166 11.624437 5.725031
1846 38.849166 11.624437 5.725031
1847 38.849166 11.624437 5.725031
1848 38.849166 11.624437 5.725031
1849 38.849166 11.624437 5.725031
1850 38.849166 11.624437 5.725031
1851 38.849166 11.624437 5.725031
1852 38.849166 11.624437 5.725031
1853 38.849166 11.624437 5.725031
1854 38.849166 11.624437 5.725031
1855 38.849166 11.624437 5.725031
1856 38.849166 11.624437 5.725031
1857 38.849166 11.624437 5.725031
1858 38.849166 11.624437 5.725031
1859 38.849166 11.624437 5.725031
1860 38.849166 11.624437 5.725031
1861 38.849166 11.624437 5.725031
1862 38.849166 11.624437 5.725031
1863 38.849166 11.624437 5.725031
1864 38.849166 11.624437 5.725031
1865 38.849166 11.624437 5.725031
1866 38.849166 11.624437 5.725031
1867 38.849166 11.624437 5.725031
1868 38.849166 11.624437 5.725031
1869 38.849166 11.624437 5.725031
1870 38.849166 11.624437 5.725031
1871 38.849166 11.624437 5.725031
1872 38.849166 11.624437 5.725031
1873 38.849166 11.624437 5.725031
1874 38.849166 11.624437 5.725031
1875 38.849166 11.624437 5.725031
1876 38.849166 11.624437 5.725031
1877 38.849166 11.624437 5.725031
1878 38.849166 11.624437 5.725031
1879 38.849166 11.624437 5.725031
1880 38.849166 11.624437 5.725031
1881 38.849166 11.624437 5.725031
1882 38.849166 11.624437 5.725031
1883 38.849166 11.624437 5.725031
1884 38.849166 11.624437 5.725031
1885 38.849166 11.624437 5.725031
1886 38.849166 11.624437 5.725031
1887 38.849166 11.624437 5.725031
1888 38.849166 11.624437 5.725031
1889 38.849166 11.624437 5.725031
1890 38.849166 11.624437 5.725031
1891 38.849166 11.624437 5.725031
1892 38.849166 11.624437 5.725031
1893 38.849166 11.624437 5.725031
1894 38.849166 11.624437 5.725031
1895 38.849166 11.624437 5.725031
1896 38.849166 11.624437 5.725031
1897 38.849166 11.624437 5.725031
1898 38.849166 11.624437 5.725031
1899 38.849166 11.624437 5.725031
1900 38.849166 11.624437 5.725031
1901 38.849166 11.624437 5.725031
1902 38.849166 11.624437 5.725031
1903 38.849166 11.624437 5.725031
1904 38.849166 11.624437 5.725031
1905 38.849166 11.624437 5.725031
1906 38.849166 11.624437 5.725031
1907 38.849166 11.624437 5.725031
1908 38.849166 11.624437 5.725031
1909 38.849166 11.624437 5.725031
1910 38.849166 11.624437 5.725031
1911 38.849166 11.624437 5.725031
1912 38.849166 11.624437 5.725031
1913 38.849166 11.624437 5.725031
1914 38.849166 11.624437 5.725031
1915 38.849166 11.624437 5.725031
1916 38.849166 11.624437 5.725031
1917 38.849166 11.624437 5.725031
1918 38.849166 11.624437 5.725031
1919 38.849166 11.624437 5.725031
1920 38.849166 11.624437 5.725031
1921 38.849166 11.624437 5.725031
1922 38.849166 11.624437 5.725031
1923 38.849166 11.624437 5.725031
1924 38.849166 11.624437 5.725031
1925 38.849166 11.624437 5.725031
1926 38.849166 11.624437 5.725031
1927 38.849166 11.624437 5.725031
1928 38.849166 11.624437 5.725031
1929 38.849166 11.624437 5.725031
1930 38.849166 11.624437 5.725031
1931 38.849166 11.624437 5.725031
1932 38.849166 11.624437 5.725031
1933 38.849166 11.624437 5.725031
1934 38.849166 11.624437 5.725031
1935 38.849166 11.624437 5.725031
1936 38.849166 11.624437 5.725031
1937 38.849166 11.624437 5.725031
1938 38.849166 11.624437 5.725031
1939 38.849166 11.624437 5.725031
1940 38.849166 11.624437 5.725031
1941 38.849166 11.624437 5.725031
1942 38.849166 11.624437 5.725031
1943 38.849166 11.624437 5.725031
1944 38.849796 11.62628 5.725031
1945 38.849796 11.62628 5.725031
1946 38.849796 11.62628 5.725031
1947 38.849796 11.62628 5.725031
1948 38.849796 11.62628 5.725031
1949 38.849796 11.62628 5.725031
1950 38.849796 11.62628 5.725031
1951 38.849796 11.62628 5.725031
1952 38.849871 11.626222 5.725031
1953 38.849871 11.626222 5.725031
1954 38.849871 11.626222 5.725031
1955 38.849871 11.626222 5.725031
1956 38.849871 11.626222 5.725031
1957 38.849871 11.626222 5.725031
1958 38.849871 11.626222 5.725031
1959 38.850249 11.625762 5.725031
1960 38.850249 11.625762 5.725031
1961 38.850249 11.625762 5.725031
1962 38.850249 11.625762 5.725031
1963 38.850249 11.625762 5.725031
1964 38.850249 11.625762 5.725031
1965 38.850249 11.625762 5.725031
1966 38.850249 11.625762 5.725031
1967 38.850249 11.625762 5.725031
1968 38.850249 11.625762 5.725031
1969 38.850249 11.625762 5.725031
1970 38.850249 11.625762 5.725031
1971 38.850249 11.625762 5.725031
1972 38.850249 11.625762 5.725031
1973 38.850249 11.625762 5.725031
1974 38.850249 11.625762 5.725031
1975 38.850249 11.625762 5.725031
1976 38.850249 11.625762 5.725031
1977 38.850249 11.625762 5.725031
1978 38.850249 11.625762 5.725031
1979 38.850249 11.625762 5.725031
1980 38.850249 11.625762 5.725031
1981 38.850249 11.625762 5.725031
1982 38.850249 11.625762 5.725031
1983 38.850249 11.625762 5.725031
1984 38.850249 11.625762 5.725031
1985 38.850249 11.625762 5.725031
1986 38.850249 11.625762 5.725031
1987 38.850283 11.625646 5.725031
1988 38.850283 11.625646 5.725031
1989 38.850283 11.625646 5.725031
1990 38.850283 11.625646 5.725031
1991 38.850283 11.625646 5.725031
1992 38.850283 11.625646 5.725031
1993 38.850283 11.625646 5.725031
1994 38.850283 11.625646 5.725031
1995 38.850283 11.625646 5.725031
1996 38.850283 11.625646 5.725031
1997 38.850283 11.625646 5.725031
1998 38.850283 11.625646 5.725031
1999 38.850283 11.625646 5.725031
2000 38.850283 11.625646 5.725031
2001 38.850283 11.625646 5.725031
2002 38.850283 11.625646 5.725031
2003 38.850283 11.625646 5.725031
2004 38.850283 11.625646 5.725031
2005 38.850283 11.625646 5.725031
2006 38.850283 11.625646 5.725031
2007 38.850283 11.625646 5.725031
2008 38.850283 11.625646 5.725031
2009 38.850283 11.625646 5.725031
2010 38.850283 11.625646 5.725031
2011 38.850283 11.625646 5.725031
2012 38.850283 11.625646 5.725031
2013 38.850283 11.625646 5.725031
2014 38.850283 11.625646 5.725031
2015 38.850283 11.625646 5.725031
2016 38.850283 11.625646 5.725031
2017 38.850283 11.625646 5.725031
2018 38.850283 11.625646 5.725031
2019 38.850283 11.625646 5.725031
2020 38.850283 11.625646 5.725031
2021 38.850283 11.625646 5.725031
2022 38.850283 11.625646 5.725031
2023 38.850283 11.625646 5.725031
2024 38.850283 11.625646 5.725031
2025 38.850283 11.625646 5.725031
2026 38.850283 11.625646 5.725031
2027 38.850283 11.625646 5.725031
2028 38.850283 11.625646 5.725031
2029 38.850283 11.625646 5.725031
2030 38.850283 11.625646 5.725031
2031 38.850283 11.625646 5.725031
2032 38.850283 11.625646 5.725031
2033 38.850283 11.625646 5.725031
2034 38.850283 11.625646 5.725031
2035 38.850283 11.625646 5.725031
2036 38.850283 11.625646 5.725031
2037 38.850283 11.625646 5.725031
2038 38.850283 11.625646 5.725031
2039 38.850283 11.625646 5.725031
2040 38.850283 11.625646 5.725031
2041 38.850283 11.625646 5.725031
2042 38.850283 11.625646 5.725031
2043 38.850283 11.625646 5.725031
2044 38.850283 11.625646 5.725031
2045 38.850283 11.625646 5.725031
2046 38.850283 11.625646 5.725031
2047 38.850283 11.625646 5.725031
2048 38.850283 11.625646 5.725031
2049 38.850283 11.625646 5.725031
2050 38.850283 11.625646 5.725031
2051 38.850283 11.625646 5.725031
2052 38.850283 11.625646 5.725031
2053 38.850283 11.625646 5.725031
2054 38.850283 11.625646 5.725031
2055 38.850283 11.625646 5.725031
2056 38.850283 11.625646 5.725031
2057 38.850283 11.625646 5.725031
2058 38.850283 11.625646 5.725031
2059 38.850283 11.625646 5.725031
2060 38.850283 11.625646 5.725031
2061 38.850283 11.625646 5.725031
2062 38.850283 11.625646 5.725031
2063 38.850283 11.625646 5.725031
2064 38.850283 11.625646 5.725031
2065 38.850283 11.625646 5.725031
2066 38.850283 11.625646 5.725031
2067 38.850283 11.625646 5.725031
2068 38.850283 11.625646 5.725031
2069 38.850283 11.625646 5.725031
2070 38.850283 11.625646 5.725031
2071 38.850283 11.625646 5.725031
2072 38.850283 11.625646 5.725031
2073 38.850283 11.625646 5.725031
2074 38.850283 11.625646 5.725031
2075 38.850283 11.625646 5.725031
2076 38.850283 11.625646 5.725031
2077 38.850283 11.625646 5.725031
2078 38.850283 11.625646 5.725031
2079 38.850283 11.625646 5.725031
2080 38.850283 11.625646 5.725031
2081 38.850283 11.625646 5.725031
2082 38.850283 11.625646 5.725031
2083 38.850283 11.625646 5.725031
2084 38.850283 11.625646 5.725031
2085 38.850283 11.625646 5.725031
2086 38.850283 11.625646 5.725031
2087 38.850283 11.625646 5.725031
2088 38.850283 11.625646 5.725031
2089 38.850283 11.625646 5.725031
2090 38.850283 11.625646 5.725031
2091 38.850283 11.625646 5.725031
2092 38.850283 11.625646 5.725031
2093 38.850283 11.625646 5.725031
2094 38.850283 11.625646 5.725031
2095 38.850283 11.625646 5.725031
2096 38.850283 11.625646 5.725031
2097 38.850283 11.625646 5.725031
2098 38.850283 11.625646 5.725031
2099 38.850283 11.625646 5.725031
2100 38.850283 11.625646 5.725031
2101 38.850283 11.625646 5.725031
2102 38.850283 11.625646 5.725031
2103 38.850283 11.625646 5.725031
2104 38.850283 11.625646 5.725031
2105 38.850283 11.625646 5.725031
2106 38.850283 11.625646 5.725031
2107 38.850283 11.625646 5.725031
2108 38.850283 11.625646 5.725031
2109 38.850283 11.625646 5.725031
2110 38.850283 11.625646 5.725031
2111 38.850283 11.625646 5.725031
2112 38.850283 11.625646 5.725031
2113 38.850283 11.625646 5.725031
2114 38.850283 11.625646 5.725031
2115 38.850283 11.625646 5.725031
2116 38.850283 11.625646 5.725031
2117 38.850283 11.625646 5.725031
2118 38.850283 11.625646 5.725031
2119 38.850283 11.625646 5.725031
2120 38.850283 11.625646 5.725031
2121 38.850283 11.625646 5.725031
2122 38.850283 11.625646 5.725031
2123 38.850283 11.625646 5.725031
2124 38.850283 11.625646 5.725031
2125 38.850283 11.625646 5.725031
2126 38.850283 11.625646 5.725031
2127 38.850283 11.625646 5.725031
2128 38.850283 11.625646 5.725031
2129 38.850283 11.625646 5.725031
2130 38.850283 11.625646 5.725031
2131 38.850283 11.625646 5.725031
2132 38.850283 11.625646 5.725031
2133 38.850283 11.625646 5.725031
2134 38.850283 11.625646 5.725031
2135 38.850283 11.625646 5.725031
2136 38.850283 11.625646 5.725031
2137 38.850283 11.625646 5.725031
2138 38.850283 11.625646 5.725031
2139 38.850283 11.625646 5.725031
2140 38.850283 11.625646 5.725031
2141 38.850283 11.625646 5.725031
2142 38.850283 11.625646 5.725031
2143 38.850283 11.625646 5.725031
2144 38.850283 11.625646 5.725031
2145 38.850283 11.625646 5.725031
2146 38.850283 11.625646 5.725031
2147 38.850283 11.625646 5.725031
2148 38.850283 11.625646 5.725031
2149 38.850283 11.625646 5.725031
2150 38.850283 11.625646 5.725031
2151 38.850283 11.625646 5.725031
2152 38.850283 11.625646 5.725031
2153 38.850283 11.625646 5.725031
2154 38.850283 11.625646 5.725031
2155 38.850283 11.625646 5.725031
2156 38.850283 11.625646 5.725031
2157 38.850283 11.625646 5.725031
2158 38.850283 11.625646 5.725031
2159 38.850283 11.625646 5.725031
2160 38.850283 11.625646 5.725031
2161 38.850283 11.625646 5.725031
2162 38.850283 11.625646 5.725031
2163 38.850283 11.625646 5.725031
2164 38.850283 11.625646 5.725031
2165 38.850283 11.625646 5.725031
2166 38.850283 11.625646 5.725031
2167 38.850283 11.625646 5.725031
2168 38.850283 11.625646 5.725031
2169 38.850283 11.625646 5.725031
2170 38.850283 11.625646 5.725031
2171 38.850283 11.625646 5.725031
2172 38.850283 11.625646 5.725031
2173 38.850283 11.625646 5.725031
2174 38.850283 11.625646 5.725031
2175 38.850283 11.625646 5.725031
2176 38.850283 11.625646 5.725031
2177 38.850283 11.625646 5.725031
2178 38.850283 11.625646 5.725031
2179 38.850283 11.625646 5.725031
2180 38.850283 11.625646 5.725031
2181 38.850283 11.625646 5.725031
2182 38.850283 11.625646 5.725031
2183 38.850283 11.625646 5.725031
2184 38.850283 11.625646 5.725031
2185 38.850283 11.625646 5.725031
2186 38.850283 11.625646 5.725031
2187 38.850283 11.625646 5.725031
2188 38.850283 11.625646 5.725031
2189 38.850283 11.625646 5.725031
2190 38.850283 11.625646 5.725031
2191 38.850283 11.625646 5.725031
2192 38.850283 11.625646 5.725031
2193 38.850283 11.625646 5.725031
2194 38.850283 11.625646 5.725031
2195 38.850283 11.625646 5.725031
2196 38.850283 11.625646 5.725031
2197 38.850283 11.625646 5.725031
2198 38.850283 11.625646 5.725031
2199 38.850283 11.625646 5.725031
2200 38.850283 11.625646 5.725031
2201 38.850283 11.625646 5.725031
2202 38.850283 11.625646 5.725031
2203 38.850283 11.625646 5.725031
2204 38.850283 11.625646 5.725031
2205 38.850283 11.625646 5.725031
2206 38.850283 11.625646 5.725031
2207 38.850283 11.625646 5.725031
2208 38.850283 11.625646 5.725031
2209 38.850283 11.625646 5.725031
2210 38.850283 11.625646 5.725031
2211 38.850283 11.625646 5.725031
2212 38.850283 11.625646 5.725031
2213 38.850283 11.625646 5.725031
2214 38.850283 11.625646 5.725031
2215 38.850283 11.625646 5.725031
2216 38.850283 11.625646 5.725031
2217 38.850283 11.625646 5.725031
2218 38.850283 11.625646 5.725031
2219 38.850283 11.625646 5.725031
2220 38.850283 11.625646 5.725031
2221 38.850283 11.625646 5.725031
2222 38.850283 11.625646 5.725031
2223 38.850283 11.625646 5.725031
2224 38.850283 11.625646 5.725031
2225 38.850283 11.625646 5.725031
2226 38.850283 11.625646 5.725031
2227 38.850283 11.625646 5.725031
2228 38.850283 11.625646 5.725031
2229 38.850283 11.625646 5.725031
2230 38.850283 11.625646 5.725031
2231 38.850283 11.625646 5.725031
2232 38.850283 11.625646 5.725031
2233 38.850283 11.625646 5.725031
2234 38.850283 11.625646 5.725031
2235 38.850283 11.625646 5.725031
2236 38.850283 11.625646 5.725031
2237 38.850283 11.625646 5.725031
2238 38.850283 11.625646 5.725031
2239 38.850283 11.625646 5.725031
2240 38.850283 11.625646 5.725031
2241 38.850283 11.625646 5.725031
2242 38.850283 11.625646 5.725031
2243 38.850283 11.625646 5.725031
2244 38.850283 11.625646 5.725031
2245 38.850283 11.625646 5.725031
2246 38.850283 11.625646 5.725031
2247 38.850283 11.625646 5.725031
2248 38.850283 11.625646 5.725031
2249 38.850283 11.625646 5.725031
2250 38.850283 11.625646 5.725031
2251 38.850283 11.625646 5.725031
2252 38.850283 11.625646 5.725031
2253 38.850283 11.625646 5.725031
2254 38.850283 11.625646 5.725031
2255 38.850283 11.625646 5.725031
2256 38.850283 11.625646 5.725031
2257 38.850283 11.625646 5.725031
2258 38.850283 11.625646 5.725031
2259 38.850283 11.625646 5.725031
2260 38.850283 11.625646 5.725031
2261 38.850283 11.625646 5.725031
2262 38.850283 11.625646 5.725031
2263 38.850283 11.625646 5.725031
2264 38.850283 11.625646 5.725031
2265 38.850283 11.625646 5.725031
2266 38.850283 11.625646 5.725031
2267 38.850288 11.625474 5.725031
2268 38.850288 11.625474 5.725031
2269 38.850288 11.625474 5.725031
2270 38.850288 11.625474 5.725031
2271 38.850288 11.625474 5.725031
2272 38.850288 11.625474 5.725031
2273 38.850288 11.625474 5.725031
2274 38.850288 11.625474 5.725031
2275 38.850288 11.625474 5.725031
2276 38.850288 11.625474 5.725031
2277 38.850288 11.625474 5.725031
2278 38.850288 11.625474 5.725031
2279 38.850288 11.625474 5.725031
2280 38.850288 11.625474 5.725031
2281 38.850288 11.625474 5.725031
2282 38.850288 11.625474 5.725031
2283 38.850292 11.625531 5.725031
2284 38.850292 11.625531 5.725031
2285 38.850292 11.625531 5.725031
2286 38.850292 11.625531 5.725031
2287 38.850292 11.625531 5.725031
2288 38.850292 11.625531 5.725031
2289 38.850292 11.625531 5.725031
2290 38.850292 11.625531 5.725031
2291 38.850292 11.625531 5.725031
2292 38.850292 11.625531 5.725031
2293 38.850292 11.625531 5.725031
2294 38.850292 11.625531 5.725031
2295 38.850292 11.625531 5.725031
2296 38.850292 11.625531 5.725031
2297 38.850292 11.625531 5.725031
2298 38.850292 11.625531 5.725031
2299 38.850292 11.625531 5.725031
2300 38.850292 11.625531 5.725031
2301 38.850292 11.625531 5.725031
2302 38.850292 11.625531 5.725031
2303 38.850292 11.625531 5.725031
2304 38.850292 11.625531 5.725031
2305 38.850292 11.625531 5.725031
2306 38.850292 11.625531 5.725031
2307 38.850292 11.625531 5.725031
2308 38.850292 11.625531 5.725031
2309 38.850292 11.625531 5.725031
2310 38.850292 11.625531 5.725031
2311 38.850292 11.625531 5.725031
2312 38.850292 11.625531 5.725031
2313 38.850292 11.625531 5.725031
2314 38.850292 11.625531 5.725031
2315 38.850292 11.625531 5.725031
2316 38.850292 11.625531 5.725031
2317 38.850292 11.625531 5.725031
2318 38.850292 11.625531 5.725031
2319 38.850292 11.625531 5.725031
2320 38.850292 11.625531 5.725031
2321 38.850292 11.625531 5.725031
2322 38.850292 11.625531 5.725031
2323 38.850292 11.625531 5.725031
2324 38.850292 11.625531 5.725031
2325 38.850292 11.625531 5.725031
2326 38.850292 11.625531 5.725031
2327 38.850292 11.625531 5.725031
2328 38.850292 11.625531 5.725031
2329 38.850292 11.625531 5.725031
2330 38.850292 11.625531 5.725031
2331 38.850292 11.625531 5.725031
2332 38.850292 11.625531 5.725031
2333 38.850292 11.625531 5.725031
2334 38.850292 11.625531 5.725031
2335 38.850292 11.625531 5.725031
2336 38.850292 11.625531 5.725031
2337 38.850292 11.625531 5.725031
2338 38.850292 11.625531 5.725031
2339 38.850292 11.625531 5.725031
2340 38.850292 11.625531 5.725031
2341 38.850292 11.625531 5.725031
2342 38.850292 11.625531 5.725031
2343 38.850292 11.625531 5.725031
2344 38.850292 11.625531 5.725031
2345 38.850292 11.625531 5.725031
2346 38.850292 11.625531 5.725031
2347 38.850292 11.625531 5.725031
2348 38.850292 11.625531 5.725031
2349 38.850292 11.625531 5.725031
2350 38.850292 11.625531 5.725031
2351 38.850292 11.625531 5.725031
2352 38.850292 11.625531 5.725031
2353 38.850292 11.625531 5.725031
2354 38.850292 11.625531 5.725031
2355 38.850292 11.625531 5.725031
2356 38.850292 11.625531 5.725031
2357 38.850292 11.625531 5.725031
2358 38.850292 11.625531 5.725031
2359 38.850292 11.625531 5.725031
2360 38.850292 11.625531 5.725031
2361 38.850292 11.625531 5.725031
2362 38.850292 11.625531 5.725031
2363 38.850292 11.625531 5.725031
2364 38.850292 11.625531 5.725031
2365 38.850292 11.625531 5.725031
2366 38.850292 11.625531 5.725031
2367 38.850292 11.625531 5.725031
2368 38.850292 11.625531 5.725031
2369 38.850292 11.625531 5.725031
2370 38.850292 11.625531 5.725031
2371 38.850292 11.625531 5.725031
2372 38.850292 11.625531 5.725031
2373 38.850292 11.625531 5.725031
2374 38.850292 11.625531 5.725031
2375 38.850292 11.625531 5.725031
2376 38.850292 11.625531 5.725031
2377 38.850292 11.625531 5.725031
2378 38.850292 11.625531 5.725031
2379 38.850292 11.625531 5.725031
2380 38.850292 11.625531 5.725031
2381 38.850292 11.625531 5.725031
2382 38.850292 11.625531 5.725031
2383 38.850292 11.625531 5.725031
2384 38.850292 11.625531 5.725031
2385 38.850292 11.625531 5.725031
2386 38.850292 11.625531 5.725031
2387 38.850292 11.625531 5.725031
2388 38.850292 11.625531 5.725031
2389 38.850292 11.625531 5.725031
2390 38.850292 11.625531 5.725031
2391 38.850292 11.625531 5.725031
2392 38.850292 11.625531 5.725031
2393 38.850292 11.625531 5.725031
2394 38.850292 11.625531 5.725031
2395 38.850292 11.625531 5.725031
2396 38.850292 11.625531 5.725031
2397 38.850292 11.625531 5.725031
2398 38.850292 11.625531 5.725031
2399 38.850292 11.625531 5.725031
2400 38.850292 11.625531 5.725031
2401 38.850292 11.625531 5.725031
2402 38.850292 11.625531 5.725031
2403 38.850292 11.625531 5.725031
2404 38.850292 11.625531 5.725031
2405 38.850292 11.625531 5.725031
2406 38.850292 11.625531 5.725031
2407 38.850292 11.625531 5.725031
2408 38.850292 11.625531 5.725031
2409 38.850292 11.625531 5.725031
2410 38.850292 11.625531 5.725031
2411 38.850292 11.625531 5.725031
2412 38.850292 11.625531 5.725031
2413 38.850292 11.625531 5.725031
2414 38.850292 11.625531 5.725031
2415 38.850292 11.625531 5.725031
2416 38.850292 11.625531 5.725031
2417 38.850292 11.625531 5.725031
2418 38.850292 11.625531 5.725031
2419 38.850292 11.625531 5.725031
2420 38.850292 11.625531 5.725031
2421 38.850292 11.625531 5.725031
2422 38.850292 11.625531 5.725031
2423 38.850292 11.625531 5.725031
2424 38.850292 11.625531 5.725031
2425 38.850292 11.625531 5.725031
2426 38.850292 11.625531 5.725031
2427 38.850292 11.625531 5.725031
2428 38.850292 11.625531 5.725031
2429 38.850292 11.625531 5.725031
2430 38.850292 11.625531 5.725031
2431 38.850292 11.625531 5.725031
2432 38.850292 11.625531 5.725031
2433 38.850292 11.625531 5.725031
2434 38.850292 11.625531 5.725031
2435 38.850292 11.625531 5.725031
2436 38.850292 11.625531 5.725031
2437 38.850292 11.625531 5.725031
2438 38.850292 11.625531 5.725031
2439 38.850292 11.625531 5.725031
2440 38.850292 11.625531 5.725031
2441 38.850292 11.625531 5.725031
2442 38.850292 11.625531 5.725031
2443 38.850292 11.625531 5.725031
2444 38.850292 11.625531 5.725031
2445 38.850292 11.625531 5.725031
2446 38.850292 11.625531 5.725031
2447 38.850292 11.625531 5.725031
2448 38.850292 11.625531 5.725031
2449 38.850292 11.625531 5.725031
2450 38.850292 11.625531 5.725031
2451 38.850292 11.625531 5.725031
2452 38.850292 11.625531 5.725031
2453 38.850292 11.625531 5.725031
2454 38.850292 11.625531 5.725031
2455 38.850292 11.625531 5.725031
2456 38.850292 11.625531 5.725031
2457 38.850292 11.625531 5.725031
2458 38.850292 11.625531 5.725031
2459 38.850292 11.625531 5.725031
2460 38.850292 11.625531 5.725031
2461 38.850292 11.625531 5.725031
2462 38.850292 11.625531 5.725031
2463 38.850292 11.625531 5.725031
2464 38.850292 11.625531 5.725031
2465 38.850292 11.625531 5.725031
2466 38.850292 11.625531 5.725031
2467 38.850292 11.625531 5.725031
2468 38.850292 11.625531 5.725031
2469 38.850292 11.625531 5.725031
2470 38.850292 11.625531 5.725031
2471 38.850292 11.625531 5.725031
2472 38.850292 11.625531 5.725031
2473 38.850292 11.625531 5.725031
2474 38.850292 11.625531 5.725031
2475 38.850292 11.625531 5.725031
2476 38.850292 11.625531 5.725031
2477 38.850292 11.625531 5.725031
2478 38.850292 11.625531 5.725031
2479 38.850292 11.625531 5.725031
2480 38.850292 11.625531 5.725031
2481 38.850292 11.625531 5.725031
2482 38.850292 11.625531 5.725031
2483 38.850292 11.625531 5.725031
2484 38.850292 11.625531 5.725031
2485 38.850292 11.625531 5.725031
2486 38.850292 11.625531 5.725031
2487 38.850292 11.625531 5.725031
2488 38.850292 11.625531 5.725031
2489 38.850292 11.625531 5.725031
2490 38.850292 11.625531 5.725031
2491 38.850292 11.625531 5.725031
2492 38.850292 11.625531 5.725031
2493 38.850292 11.625531 5.725031
2494 38.850292 11.625531 5.725031
2495 38.850292 11.625531 5.725031
2496 38.850292 11.625531 5.725031
2497 38.850292 11.625531 5.725031
2498 38.850292 11.625531 5.725031
2499 38.850292 11.625531 5.725031
2500 38.850292 11.625531 5.725031
2501 38.850292 11.625531 5.725031
2502 38.850292 11.625531 5.725031
2503 38.850292 11.625531 5.725031
2504 38.850292 11.625531 5.725031
2505 38.850292 11.625531 5.725031
2506 38.850292 11.625531 5.725031
2507 38.850292 11.625531 5.725031
2508 38.850292 11.625531 5.725031
2509 38.850292 11.625531 5.725031
2510 38.850292 11.625531 5.725031
2511 38.850292 11.625531 5.725031
2512 38.850292 11.625531 5.725031
2513 38.850292 11.625531 5.725031
2514 38.850292 11.625531 5.725031
2515 38.850292 11.625531 5.725031
2516 38.850292 11.625531 5.725031
2517 38.850292 11.625531 5.725031
2518 38.850292 11.625531 5.725031
2519 38.850292 11.625531 5.725031
2520 38.850292 11.625531 5.725031
2521 38.850292 11.625531 5.725031
2522 38.850292 11.625531 5.725031
2523 38.850292 11.625531 5.725031
2524 38.850292 11.625531 5.725031
2525 38.850292 11.625531 5.725031
2526 38.850292 11.625531 5.725031
2527 38.850292 11.625531 5.725031
2528 38.850292 11.625531 5.725031
2529 38.850292 11.625531 5.725031
2530 38.850292 11.625531 5.725031
2531 38.850292 11.625531 5.725031
2532 38.850292 11.625531 5.725031
2533 38.850292 11.625531 5.725031
2534 38.850292 11.625531 5.725031
2535 38.850292 11.625531 5.725031
2536 38.850292 11.625531 5.725031
2537 38.850292 11.625531 5.725031
2538 38.850292 11.625531 5.725031
2539 38.850292 11.625531 5.725031
2540 38.850292 11.625531 5.725031
2541 38.850292 11.625531 5.725031
2542 38.850292 11.625531 5.725031
2543 38.850292 11.625531 5.725031
2544 38.850292 11.625531 5.725031
2545 38.850292 11.625531 5.725031
2546 38.850292 11.625531 5.725031
2547 38.850292 11.625531 5.725031
2548 38.850292 11.625531 5.725031
2549 38.850292 11.625531 5.725031
2550 38.850292 11.625531 5.725031
2551 38.850292 11.625531 5.725031
2552 38.850292 11.625531 5.725031
2553 38.850292 11.625531 5.725031
2554 38.850292 11.625531 5.725031
2555 38.850292 11.625531 5.725031
2556 38.850292 11.625531 5.725031
2557 38.850292 11.625531 5.725031
2558 38.850292 11.625531 5.725031
2559 38.850292 11.625531 5.725031
2560 38.850292 11.625531 5.725031
2561 38.850292 11.625531 5.725031
2562 38.850292 11.625531 5.725031
2563 38.850292 11.625531 5.725031
2564 38.850292 11.625531 5.725031
2565 38.850292 11.625531 5.725031
2566 38.850292 11.625531 5.725031
2567 38.850292 11.625531 5.725031
2568 38.850292 11.625531 5.725031
2569 38.850292 11.625531 5.725031
2570 38.850292 11.625531 5.725031
2571 38.850292 11.625531 5.725031
2572 38.850292 11.625531 5.725031
2573 38.850292 11.625531 5.725031
2574 38.850292 11.625531 5.725031
2575 38.850292 11.625531 5.725031
2576 38.850292 11.625531 5.725031
2577 38.850292 11.625531 5.725031
2578 38.850292 11.625531 5.725031
2579 38.850292 11.625531 5.725031
2580 38.850292 11.625531 5.725031
2581 38.850292 11.625531 5.725031
2582 38.850292 11.625531 5.725031
2583 38.850292 11.625531 5.725031
2584 38.850292 11.625531 5.725031
2585 38.850292 11.625531 5.725031
2586 38.850292 11.625531 5.725031
2587 38.850292 11.625531 5.725031
2588 38.850292 11.625531 5.725031
2589 38.850292 11.625531 5.725031
2590 38.850292 11.625531 5.725031
2591 38.850292 11.625531 5.725031
2592 38.850292 11.625531 5.725031
2593 38.850292 11.625531 5.725031
2594 38.850292 11.625531 5.725031
2595 38.850292 11.625531 5.725031
2596 38.850292 11.625531 5.725031
2597 38.850292 11.625531 5.725031
2598 38.850292 11.625531 5.725031
2599 38.850292 11.625531 5.725031
2600 38.850292 11.625531 5.725031
2601 38.850292 11.625531 5.725031
2602 38.850292 11.625531 5.725031
2603 38.850292 11.625531 5.725031
2604 38.850292 11.625531 5.725031
2605 38.850292 11.625531 5.725031
2606 38.850292 11.625531 5.725031
2607 38.850292 11.625531 5.725031
2608 38.850292 11.625531 5.725031
2609 38.850292 11.625531 5.725031
2610 38.850292 11.625531 5.725031
2611 38.850292 11.625531 5.725031
2612 38.850292 11.625531 5.725031
2613 38.850292 11.625531 5.725031
2614 38.850292 11.625531 5.725031
2615 38.850292 11.625531 5.725031
2616 38.850292 11.625531 5.725031
2617 38.850292 11.625531 5.725031
2618 38.850292 11.625531 5.725031
2619 38.850292 11.625531 5.725031
2620 38.850292 11.625531 5.725031
2621 38.850292 11.625531 5.725031
2622 38.850292 11.625531 5.725031
2623 38.850292 11.625531 5.725031
2624 38.850292 11.625531 5.725031
2625 38.850292 11.625531 5.725031
2626 38.850292 11.625531 5.725031
2627 38.850292 11.625531 5.725031
2628 38.850292 11.625531 5.725031
2629 38.850292 11.625531 5.725031
2630 38.850292 11.625531 5.725031
2631 38.850292 11.625531 5.725031
2632 38.850292 11.625531 5.725031
2633 38.850292 11.625531 5.725031
2634 38.850292 11.625531 5.725031
2635 38.850292 11.625531 5.725031
2636 38.850292 11.625531 5.725031
2637 38.850292 11.625531 5.725031
2638 38.850292 11.625531 5.725031
2639 38.850292 11.625531 5.725031
2640 38.850292 11.625531 5.725031
2641 38.850292 11.625531 5.725031
2642 38.850292 11.625531 5.725031
2643 38.850292 11.625531 5.725031
2644 38.850292 11.625531 5.725031
2645 38.850292 11.625531 5.725031
2646 38.850292 11.625531 5.725031
2647 38.850292 11.625531 5.725031
2648 38.850292 11.625531 5.725031
2649 38.850292 11.625531 5.725031
2650 38.850292 11.625531 5.725031
2651 38.850292 11.625531 5.725031
2652 38.850292 11.625531 5.725031
2653 38.850292 11.625531 5.725031
2654 38.850292 11.625531 5.725031
2655 38.850292 11.625531 5.725031
2656 38.850292 11.625531 5.725031
2657 38.850292 11.625531 5.725031
2658 38.850292 11.625531 5.725031
2659 38.850292 11.625531 5.725031
2660 38.850292 11.625531 5.725031
2661 38.850292 11.625531 5.725031
2662 38.850292 11.625531 5.725031
2663 38.850292 11.625531 5.725031
2664 38.850292 11.625531 5.725031
2665 38.850292 11.625531 5.725031
2666 38.850292 11.625531 5.725031
2667 38.850292 11.625531 5.725031
2668 38.850292 11.625531 5.725031
2669 38.850292 11.625531 5.725031
2670 38.850292 11.625531 5.725031
2671 38.850292 11.625531 5.725031
2672 38.850292 11.625531 5.725031
2673 38.850292 11.625531 5.725031
2674 38.850292 11.625531 5.725031
2675 38.850292 11.625531 5.725031
2676 38.850292 11.625531 5.725031
2677 38.850292 11.625531 5.725031
2678 38.850292 11.625531 5.725031
2679 38.850292 11.625531 5.725031
2680 38.850292 11.625531 5.725031
2681 38.850292 11.625531 5.725031
2682 38.850292 11.625531 5.725031
2683 38.850292 11.625531 5.725031
2684 38.850292 11.625531 5.725031
2685 38.850292 11.625531 5.725031
2686 38.850292 11.625531 5.725031
2687 38.850292 11.625531 5.725031
2688 38.850292 11.625531 5.725031
2689 38.850292 11.625531 5.725031
2690 38.850292 11.625531 5.725031
2691 38.850292 11.625531 5.725031
2692 38.850292 11.625531 5.725031
2693 38.850292 11.625531 5.725031
2694 38.850292 11.625531 5.725031
2695 38.850292 11.625531 5.725031
2696 38.850292 11.625531 5.725031
2697 38.850292 11.625531 5.725031
2698 38.850292 11.625531 5.725031
2699 38.850292 11.625531 5.725031
2700 38.850292 11.625531 5.725031
2701 38.850292 11.625531 5.725031
2702 38.850292 11.625531 5.725031
2703 38.850292 11.625531 5.725031
2704 38.850292 11.625531 5.725031
2705 38.850292 11.625531 5.725031
2706 38.850292 11.625531 5.725031
2707 38.850292 11.625531 5.725031
2708 38.850292 11.625531 5.725031
2709 38.850292 11.625531 5.725031
2710 38.850292 11.625531 5.725031
2711 38.850292 11.625531 5.725031
2712 38.850292 11.625531 5.725031
2713 38.850292 11.625531 5.725031
2714 38.850292 11.625531 5.725031
2715 38.850292 11.625531 5.725031
2716 38.850292 11.625531 5.725031
2717 38.850292 11.625531 5.725031
2718 38.850292 11.625531 5.725031
2719 38.850292 11.625531 5.725031
2720 38.850292 11.625531 5.725031
2721 38.850292 11.625531 5.725031
2722 38.850292 11.625531 5.725031
2723 38.850292 11.625531 5.725031
2724 38.850292 11.625531 5.725031
2725 38.850292 11.625531 5.725031
2726 38.850292 11.625531 5.725031
2727 38.850292 11.625531 5.725031
2728 38.850292 11.625531 5.725031
2729 38.850292 11.625531 5.725031
2730 38.850292 11.625531 5.725031
2731 38.850292 11.625531 5.725031
2732 38.850292 11.625531 5.725031
2733 38.850292 11.625531 5.725031
2734 38.850292 11.625531 5.725031
2735 38.850292 11.625531 5.725031
2736 38.850292 11.625531 5.725031
2737 38.850292 11.625531 5.725031
2738 38.850292 11.625531 5.725031
2739 38.850292 11.625531 5.725031
2740 38.850292 11.625531 5.725031
2741 38.850292 11.625531 5.725031
2742 38.850292 11.625531 5.725031
2743 38.850292 11.625531 5.725031
2744 38.850292 11.625531 5.725031
2745 38.850292 11.625531 5.725031
2746 38.850292 11.625531 5.725031
2747 38.850292 11.625531 5.725031
2748 38.850292 11.625531 5.725031
2749 38.850292 11.625531 5.725031
2750 38.850292 11.625531 5.725031
2751 38.850292 11.625531 5.725031
2752 38.850292 11.625531 5.725031
2753 38.850292 11.625531 5.725031
2754 38.850292 11.625531 5.725031
2755 38.850292 11.625531 5.725031
2756 38.850292 11.625531 5.725031
2757 38.850292 11.625531 5.725031
2758 38.850292 11.625531 5.725031
2759 38.850292 11.625531 5.725031
2760 38.850292 11.625531 5.725031
2761 38.850292 11.625531 5.725031
2762 38.850292 11.625531 5.725031
2763 38.850292 11.625531 5.725031
2764 38.850292 11.625531 5.725031
2765 38.850292 11.625531 5.725031
2766 38.850292 11.625531 5.725031
2767 38.850292 11.625531 5.725031
2768 38.850292 11.625531 5.725031
2769 38.850292 11.625531 5.725031
2770 38.850292 11.625531 5.725031
2771 38.850292 11.625531 5.725031
2772 38.850292 11.625531 5.725031
2773 38.850292 11.625531 5.725031
2774 38.850292 11.625531 5.725031
2775 38.850292 11.625531 5.725031
2776 38.850292 11.625531 5.725031
2777 38.850292 11.625531 5.725031
2778 38.850292 11.625531 5.725031
2779 38.850292 11.625531 5.725031
2780 38.850292 11.625531 5.725031
2781 38.850292 11.625531 5.725031
2782 38.850292 11.625531 5.725031
2783 38.850292 11.625531 5.725031
2784 38.850292 11.625531 5.725031
2785 38.850292 11.625531 5.725031
2786 38.850292 11.625531 5.725031
2787 38.850292 11.625531 5.725031
2788 38.850292 11.625531 5.725031
2789 38.850292 11.625531 5.725031
2790 38.850292 11.625531 5.725031
2791 38.850292 11.625531 5.725031
2792 38.850292 11.625531 5.725031
2793 38.850292 11.625531 5.725031
2794 38.850292 11.625531 5.725031
2795 38.850292 11.625531 5.725031
2796 38.850292 11.625531 5.725031
2797 38.850292 11.625531 5.725031
2798 38.850292 11.625531 5.725031
2799 38.850292 11.625531 5.725031
2800 38.850292 11.625531 5.725031
2801 38.850292 11.625531 5.725031
2802 38.850292 11.625531 5.725031
2803 38.850292 11.625531 5.725031
2804 38.850292 11.625531 5.725031
2805 38.850292 11.625531 5.725031
2806 38.850292 11.625531 5.725031
2807 38.850292 11.625531 5.725031
2808 38.850292 11.625531 5.725031
2809 38.850292 11.625531 5.725031
2810 38.850292 11.625531 5.725031
2811 38.850292 11.625531 5.725031
2812 38.850292 11.625531 5.725031
2813 38.850292 11.625531 5.725031
2814 38.850292 11.625531 5.725031
2815 38.850292 11.625531 5.725031
2816 38.850292 11.625531 5.725031
2817 38.850292 11.625531 5.725031
2818 38.850292 11.625531 5.725031
2819 38.850292 11.625531 5.725031
2820 38.850292 11.625531 5.725031
2821 38.850292 11.625531 5.725031
2822 38.850292 11.625531 5.725031
2823 38.850292 11.625531 5.725031
2824 38.850292 11.625531 5.725031
2825 38.850292 11.625531 5.725031
2826 38.850292 11.625531 5.725031
2827 38.850292 11.625531 5.725031
2828 38.850292 11.625531 5.725031
2829 38.850292 11.625531 5.725031
2830 38.850292 11.625531 5.725031
2831 38.850292 11.625531 5.725031
2832 38.850292 11.625531 5.725031
2833 38.850292 11.625531 5.725031
2834 38.850292 11.625531 5.725031
2835 38.850292 11.625531 5.725031
2836 38.850292 11.625531 5.725031
2837 38.850292 11.625531 5.725031
2838 38.850292 11.625531 5.725031
2839 38.850292 11.625531 5.725031
2840 38.850292 11.625531 5.725031
2841 38.850292 11.625531 5.725031
2842 38.850292 11.625531 5.725031
2843 38.850292 11.625531 5.725031
2844 38.850292 11.625531 5.725031
2845 38.850292 11.625531 5.725031
2846 38.850292 11.625531 5.725031
2847 38.850292 11.625531 5.725031
2848 38.850292 11.625531 5.725031
2849 38.850292 11.625531 5.725031
2850 38.850292 11.625531 5.725031
2851 38.850292 11.625531 5.725031
2852 38.850292 11.625531 5.725031
2853 38.850292 11.625531 5.725031
2854 38.850292 11.625531 5.725031
2855 38.850292 11.625531 5.725031
2856 38.850292 11.625531 5.725031
2857 38.850292 11.625531 5.725031
2858 38.850292 11.625531 5.725031
2859 38.850292 11.625531 5.725031
2860 38.850292 11.625531 5.725031
2861 38.850292 11.625531 5.725031
2862 38.850292 11.625531 5.725031
2863 38.850292 11.625531 5.725031
2864 38.850292 11.625531 5.725031
2865 38.850292 11.625531 5.725031
2866 38.850292 11.625531 5.725031
2867 38.850292 11.625531 5.725031
2868 38.850292 11.625531 5.725031
2869 38.850292 11.625531 5.725031
2870 38.850292 11.625531 5.725031
2871 38.850292 11.625531 5.725031
2872 38.850292 11.625531 5.725031
2873 38.850292 11.625531 5.725031
2874 38.850292 11.625531 5.725031
2875 38.850292 11.625531 5.725031
2876 38.850292 11.625531 5.725031
2877 38.850292 11.625531 5.725031
2878 38.850292 11.625531 5.725031
2879 38.850292 11.625531 5.725031
2880 38.850292 11.625531 5.725031
2881 38.850292 11.625531 5.725031
2882 38.850292 11.625531 5.725031
2883 38.850292 11.625531 5.725031
2884 38.850292 11.625531 5.725031
2885 38.850292 11.625531 5.725031
2886 38.850292 11.625531 5.725031
2887 38.850292 11.625531 5.725031
2888 38.850292 11.625531 5.725031
2889 38.850292 11.625531 5.725031
2890 38.850292 11.625531 5.725031
2891 38.850292 11.625531 5.725031
2892 38.850292 11.625531 5.725031
2893 38.850292 11.625531 5.725031
2894 38.850292 11.625531 5.725031
2895 38.850292 11.625531 5.725031
2896 38.850292 11.625531 5.725031
2897 38.850292 11.625531 5.725031
2898 38.850292 11.625531 5.725031
2899 38.850292 11.625531 5.725031
2900 38.850292 11.625531 5.725031
2901 38.850292 11.625531 5.725031
2902 38.850292 11.625531 5.725031
2903 38.850292 11.625531 5.725031
2904 38.850292 11.625531 5.725031
2905 38.850292 11.625531 5.725031
2906 38.850292 11.625531 5.725031
2907 38.850292 11.625531 5.725031
2908 38.850292 11.625531 5.725031
2909 38.850292 11.625531 5.725031
2910 38.850292 11.625531 5.725031
2911 38.850292 11.625531 5.725031
2912 38.850292 11.625531 5.725031
2913 38.850292 11.625531 5.725031
2914 38.850292 11.625531 5.725031
2915 38.850292 11.625531 5.725031
2916 38.850292 11.625531 5.725031
2917 38.850292 11.625531 5.725031
2918 38.850292 11.625531 5.725031
2919 38.850292 11.625531 5.725031
2920 38.850292 11.625531 5.725031
2921 38.850292 11.625531 5.725031
2922 38.850292 11.625531 5.725031
2923 38.850292 11.625531 5.725031
2924 38.850292 11.625531 5.725031
2925 38.850292 11.625531 5.725031
2926 38.850292 11.625531 5.725031
2927 38.850292 11.625531 5.725031
2928 38.850292 11.625531 5.725031
2929 38.850292 11.625531 5.725031
2930 38.850292 11.625531 5.725031
2931 38.850292 11.625531 5.725031
2932 38.850292 11.625531 5.725031
2933 38.850292 11.625531 5.725031
2934 38.850292 11.625531 5.725031
2935 38.850292 11.625531 5.725031
2936 38.850292 11.625531 5.725031
2937 38.850292 11.625531 5.725031
2938 38.850292 11.625531 5.725031
2939 38.850292 11.625531 5.725031
2940 38.850292 11.625531 5.725031
2941 38.850292 11.625531 5.725031
2942 38.850292 11.625531 5.725031
2943 38.850292 11.625531 5.725031
2944 38.850292 11.625531 5.725031
2945 38.850292 11.625531 5.725031
2946 38.850292 11.625531 5.725031
2947 38.850292 11.625531 5.725031
2948 38.850292 11.625531 5.725031
2949 38.850292 11.625531 5.725031
2950 38.850292 11.625531 5.725031
2951 38.850292 11.625531 5.725031
2952 38.850292 11.625531 5.725031
2953 38.850292 11.625531 5.725031
2954 38.850292 11.625531 5.725031
2955 38.850292 11.625531 5.725031
2956 38.850292 11.625531 5.725031
2957 38.850292 11.625531 5.725031
2958 38.850292 11.625531 5.725031
2959 38.850292 11.625531 5.725031
2960 38.850292 11.625531 5.725031
2961 38.850292 11.625531 5.725031
2962 38.850292 11.625531 5.725031
2963 38.850292 11.625531 5.725031
2964 38.850292 11.625531 5.725031
2965 38.850292 11.625531 5.725031
2966 38.850292 11.625531 5.725031
2967 38.850292 11.625531 5.725031
2968 38.850292 11.625531 5.725031
2969 38.850292 11.625531 5.725031
2970 38.850292 11.625531 5.725031
2971 38.850292 11.625531 5.725031
2972 38.850292 11.625531 5.725031
2973 38.850292 11.625531 5.725031
2974 38.850292 11.625531 5.725031
2975 38.850292 11.625531 5.725031
2976 38.850292 11.625531 5.725031
2977 38.850292 11.625531 5.725031
2978 38.850292 11.625531 5.725031
2979 38.850292 11.625531 5.725031
2980 38.850292 11.625531 5.725031
2981 38.850292 11.625531 5.725031
2982 38.850292 11.625531 5.725031
2983 38.850292 11.625531 5.725031
2984 38.850292 11.625531 5.725031
2985 38.850292 11.625531 5.725031
2986 38.850292 11.625531 5.725031
2987 38.850292 11.625531 5.725031
2988 38.850292 11.625531 5.725031
2989 38.850292 11.625531 5.725031
2990 38.850292 11.625531 5.725031
2991 38.850292 11.625531 5.725031
2992 38.850292 11.625531 5.725031
2993 38.850292 11.625531 5.725031
2994 38.850292 11.625531 5.725031
2995 38.850292 11.625531 5.725031
2996 38.850292 11.625531 5.725031
2997 38.850292 11.625531 5.725031
2998 38.850292 11.625531 5.725031
2999 38.850292 11.625531 5.725031
